Train loss: [0.01676659548117521, 0.014434101783070892, 0.01205599836112899, 0.010570188591060369, 0.009454556747016516, 0.008560676430804824, 0.007806694548779159, 0.007146201726094941, 0.0065529989445641135, 0.006013224642064152, 0.005520761214166178, 0.005073953517869939, 0.004673101724780326, 0.004318589572685112, 0.004009551865295597, 0.003743115096651361, 0.0035143402768985322, 0.0033168462815264597, 0.0031438674859963775, 0.002989278528353194, 0.002848230007780428, 0.0027172777514824667, 0.0025941620603729966, 0.0024774645902254566, 0.0023662938680137557, 0.002260067496599368, 0.0021583805711007653, 0.0020609385350160493, 0.001967519100616279, 0.0018779565446734611, 0.0017921311233646427, 0.001709958993946083, 0.0016313855075863635, 0.0015563795518438916, 0.001484923647857722, 0.0014170091632589653, 0.0013526297621705408, 0.0012917758743474098, 0.0012344282090438943, 0.0011805546020292044, 0.001130107160969356, 0.001083017132428981, 0.0010391956514811398, 0.0009985328189639742, 0.000960897760939505, 0.0009261422319682801, 0.0008941011422551108, 0.0008645988715418873, 0.0008374514808199591, 0.0008124712306029995, 0.0007894708747101401, 0.0007682670729507443, 0.0007486838289510799, 0.0007305552378299711, 0.0007137267698653942, 0.0006980569567888815, 0.0006834192109983434, 0.0006697001679802357, 0.0006568013764169552, 0.0006446378410292433, 0.0006331371119867404, 0.0006222393770750798, 0.0006118944826790397, 0.0006020622719470087, 0.000592710859055975, 0.0005838147654939736, 0.000575354616659357, 0.0005673148480202038, 0.0005596833120189806, 0.0005524508150326834, 0.0005456088588619748, 0.000539149974725193, 0.0005330671423733018, 0.0005273516482028714, 0.0005219944920405143, 0.0005169851681779491, 0.0005123101763104107, 0.0005079542692479494, 0.0005038990460118391, 0.0005001235814543943, 0.0004966045591773841, 0.0004933158391748222, 0.0004902290077374804, 0.0004873150663687242, 0.0004845442935040825, 0.0004818871189666647, 0.0004793158705544562, 0.000476805027216833, 0.0004743322704565028, 0.0004718785081011078, 0.0004694296031065015, 0.0004669750421384241, 0.0004645086438054297, 0.00046202744338937876, 0.00045953197193836286, 0.00045702529363591556, 0.0004545124812767066, 0.00045199895767588456, 0.00044949135502148324, 0.00044699572402070694]
Val loss: [0.014805270358920097, 0.013154244981706142, 0.011951318010687828, 0.011256285011768341, 0.010752303525805473, 0.010284013114869595, 0.00977922324091196, 0.009216411039233208, 0.008602236397564411, 0.007956488057971, 0.007303259801119566, 0.006666239351034164, 0.006066023372113705, 0.005518362391740084, 0.005033023189753294, 0.004613438155502081, 0.004257213324308395, 0.003957458306103945, 0.0037046221550554037, 0.003488450776785612, 0.0032995922956615686, 0.003130502300336957, 0.0029756887815892696, 0.0028314676601439714, 0.0026955243665724993, 0.0025664677377790213, 0.0024434796068817377, 0.002326077548786998, 0.0022139684297144413, 0.0021069610957056284, 0.002004929119721055, 0.0019077793695032597, 0.0018154449062421918, 0.0017278743907809258, 0.0016450262628495693, 0.001566860475577414, 0.0014933354686945677, 0.0014244022313505411, 0.001359995803795755, 0.0013000371400266886, 0.00124442542437464, 0.0011930398177355528, 0.0011457380605861545, 0.0011023577535524964, 0.0010627186857163906, 0.0010266231838613749, 0.0009938603034242988, 0.0009642074001021683, 0.0009374336223118007, 0.0009133016574196517, 0.0008915722719393671, 0.0008720061741769314, 0.0008543698932044208, 0.0008384374668821692, 0.0008239956223405898, 0.0008108446490950882, 0.0007988045108504593, 0.0007877122261561453, 0.0007774269324727356, 0.0007678262190893292, 0.0007588064181618392, 0.000750282546505332, 0.0007421850459650159, 0.0007344579207710922, 0.0007270572823472321, 0.0007199489045888186, 0.0007131070015020669, 0.0007065103854984045, 0.0007001449121162295, 0.0006939984741620719, 0.0006880618166178465, 0.0006823280127719045, 0.0006767908344045281, 0.0006714435876347125, 0.0006662817322649062, 0.0006612992146983743, 0.0006564899231307209, 0.0006518463487736881, 0.0006473603425547481, 0.000643023056909442, 0.0006388245965354145, 0.0006347544258460402, 0.0006308012525551021, 0.0006269547739066184, 0.0006232028244994581, 0.0006195370224304497, 0.0006159469485282898, 0.0006124256178736687, 0.000608966511208564, 0.0006055649137124419, 0.0006022173911333084, 0.0005989219644106925, 0.0005956774693913758, 0.0005924839060753584, 0.0005893409252166748, 0.0005862493417225778, 0.0005832099705003202, 0.0005802236846648157, 0.0005772910080850124, 0.000574412290006876]
lr: 0.0001
batch_size: 16
num_epochs: 100
kernel_width: 4
hidden_size: 64
win_len: 24
all_feature: ['SGX-CO']
target_gas: CO
