Train loss: [0.011748851709708404, 0.010647420805736904, 0.009545248886427347, 0.008841351328556834, 0.008246267526129312, 0.0076921251597704635, 0.007165518135572102, 0.006665479576266623, 0.006193271601246622, 0.005750400676251891, 0.005338374893381208, 0.004958579833633596, 0.004612018595408637, 0.0042989530682586655, 0.004018571955831521, 0.0037688502508998224, 0.003546706071464743, 0.003348432935749542, 0.003170221911966343, 0.0030085875785231834, 0.0028605816810522437, 0.002723822629693114, 0.0025964212125336927, 0.0024768836489338104, 0.0023640281849177584, 0.0022569220638695717, 0.0021548393868079585, 0.002057223023247153, 0.001963656733957374, 0.001873835361731394, 0.0017875424776170993, 0.0017046304031188466, 0.0016250038620069273, 0.0015486054201805802, 0.0014754051454374786, 0.0014053934824866498, 0.001338573107033579, 0.0012749548652447654, 0.0012145529367923813, 0.001157379204320589, 0.0011034409099467243, 0.0010527339594737992, 0.001005241663091289, 0.0009609270551811023, 0.0009197334069262965, 0.0008815783587762916, 0.0008463563742840562, 0.0008139383292565372, 0.0007841746820167408, 0.0007568992895504103, 0.0007319348805751785, 0.0007090984852369703, 0.0006882078624988201, 0.0006690854133400368, 0.0006515636318410911, 0.0006354887489116957, 0.0006207221180144335, 0.0006071415287990622, 0.0005946398946001912, 0.0005831239128269889, 0.0005725119595974493, 0.0005627306987995715, 0.0005537128052006961, 0.0005453948830321104, 0.0005377155099256667, 0.0005306149629147736, 0.0005240351854282085, 0.0005179190294585451, 0.0005122122421294467, 0.0005068639510772558, 0.0005018264477659768, 0.000497056225573543, 0.0004925130885652054, 0.0004881605027651485, 0.00048396481222977354, 0.0004798951016609369, 0.00047592320254247943, 0.00047202378596267837, 0.00046817389760831776, 0.0004643537593860572, 0.000460546831740972, 0.00045674073878302024, 0.0004529268969972346, 0.00044910087768620444, 0.00044526298410171487, 0.00044141602370589627, 0.00043756663908313544, 0.000433723738716349, 0.0004298977769278333, 0.00042609922472171166, 0.00042234011186990304, 0.00041863034621592206, 0.00041497934313191665, 0.0004113943845332965, 0.00040788163209120486, 0.00040444576124514826, 0.00040108900473852515, 0.0003978125081064433, 0.0003946160991388271, 0.00039149831403513936]
Val loss: [0.012376860715448856, 0.012376020662486553, 0.012284992262721062, 0.012005964294075966, 0.011571453884243965, 0.01104032900184393, 0.010456330142915249, 0.009847072884440422, 0.009230401366949081, 0.008619038388133049, 0.008022705093026161, 0.007448821794241667, 0.006902805529534817, 0.006388391833752394, 0.005908147897571325, 0.005463956389576197, 0.005057212430983782, 0.004688594955950975, 0.004357582423835993, 0.004062210209667683, 0.0037991837598383427, 0.003564391052350402, 0.0033534858375787735, 0.00316237797960639, 0.002987530780956149, 0.0028260755352675915, 0.0026757842861115932, 0.002534996485337615, 0.002402499783784151, 0.0022774238605052233, 0.002159142168238759, 0.0020471953321248293, 0.0019412324763834476, 0.0018409633776172996, 0.001746131805703044, 0.0016564999241381884, 0.001571842934936285, 0.0014919480308890343, 0.0014166254550218582, 0.0013457207242026925, 0.0012791203334927559, 0.0012167636305093765, 0.0011586368782445788, 0.001104761497117579, 0.0010551715968176723, 0.0010098856873810291, 0.0009688817081041634, 0.0009320755489170551, 0.0008993076044134796, 0.0008703414932824671, 0.0008448747685179114, 0.0008225514320656657, 0.0008029847522266209, 0.0007857777527533472, 0.0007705418393015862, 0.0007569189765490592, 0.0007445902447216213, 0.0007332903333008289, 0.0007228091708384454, 0.0007129907608032227, 0.0007037292816676199, 0.0006949639064259827, 0.0006866629119031131, 0.0006788157043047249, 0.0006714214105159044, 0.0006644811946898699, 0.0006579904584214091, 0.0006519400049000978, 0.0006463112658821046, 0.0006410804344341159, 0.0006362190470099449, 0.0006316982326097786, 0.0006274869083426893, 0.0006235560867935419, 0.0006198781775310636, 0.0006164276273921132, 0.000613181502558291, 0.0006101179751567543, 0.0006072177784517407, 0.0006044637411832809, 0.0006018393905833364, 0.0005993295344524086, 0.0005969207850284874, 0.0005946015007793903, 0.0005923611461184919, 0.0005901888362132013, 0.0005880758981220424, 0.0005860152887180448, 0.0005839997320435941, 0.0005820229998789728, 0.0005800796207040548, 0.0005781644722446799, 0.000576274236664176, 0.0005744048394262791, 0.0005725526716560125, 0.0005707151140086353, 0.0005688891978934407, 0.0005670724785886705, 0.0005652636173181236, 0.0005634594708681107]
lr: 0.0001
batch_size: 16
num_epochs: 100
kernel_width: 4
hidden_size: 64
win_len: 24
all_feature: ['SGX-CO', 'SGX-SO2']
target_gas: CO
