Train loss: [0.010570313372758756, 0.010040501283581462, 0.009642386026203424, 0.00925663465794449, 0.008877229177511197, 0.008500091039561541, 0.008122937590083297, 0.00774536263989122, 0.007368432044846301, 0.006993947995173918, 0.006623879731123198, 0.0062600121540922725, 0.005903842697289747, 0.00555672910976808, 0.005220196061855457, 0.004896136801294132, 0.004586594691689802, 0.004293185794141633, 0.004016598282713655, 0.0037565050467499666, 0.0035118971679173193, 0.003281631025461842, 0.00306494654320523, 0.0028617458998868557, 0.0026725386236864765, 0.0024980931370426943, 0.0023389836123844173, 0.0021952216646133143, 0.0020661017311939143, 0.001950306489005765, 0.0018461822764270388, 0.001752045730479079, 0.001666410287302226, 0.0015880791611353649, 0.0015161347170132705, 0.00144987981960262, 0.0013887721519213608, 0.001332373439759337, 0.0012803149517469446, 0.0012322767561505417, 0.001187975898754216, 0.0011471615821948195, 0.0011096086929854748, 0.0010751169231829772, 0.0010435037517907127, 0.0010145979999034416, 0.0009882345658277592, 0.0009642469441779478, 0.000942463848340879, 0.0009227085825244488, 0.0009048018167857883, 0.0008885633840826822, 0.0008738198683773871, 0.0008604062344850181, 0.0008481703533295529, 0.0008369738057042159, 0.0008266934198278574, 0.0008172204318061705, 0.0008084599475665788, 0.0008003296871583939, 0.0007927575715065623, 0.000785682159748386, 0.0007790502369020576, 0.0007728157701267296, 0.0007669390313385859, 0.0007613852425444247, 0.0007561243044882492, 0.0007511298029875432, 0.0007463783272802266, 0.0007418494609784123, 0.0007375245151878145, 0.0007333876553240391, 0.000729423730048146, 0.0007256200394175223, 0.0007219643436959913, 0.0007184461795991098, 0.000715055507999423, 0.0007117842820435611, 0.0007086238429862117, 0.0007055672100076736, 0.0007026073734215823, 0.0006997387048723859, 0.0006969556788674299, 0.0006942530523126943, 0.0006916263429133593, 0.0006890711394231875, 0.0006865836877529796, 0.0006841601711335756, 0.0006817974827395442, 0.0006794924642123624, 0.0006772423507897801, 0.0006750446926339988, 0.0006728963233905653, 0.0006707956482779898, 0.0006687401120544968, 0.0006667281194981426, 0.0006647575747265618, 0.0006628267362532753, 0.0006609338798372636, 0.0006590772285863402]
Val loss: [0.007771606557071209, 0.00741205271333456, 0.0070814634673297405, 0.00677728233858943, 0.006496373564004898, 0.006235842127352953, 0.00599193898960948, 0.005759914871305227, 0.005534438882023096, 0.005310395732522011, 0.005084098316729069, 0.004854897037148476, 0.0046270848251879215, 0.004411075264215469, 0.004221722017973661, 0.004072829149663448, 0.003970626275986433, 0.003910690546035767, 0.0038797473534941673, 0.0038600792177021503, 0.0038340562023222446, 0.0037879236042499542, 0.0037146364338696003, 0.003615008667111397, 0.00349646364338696, 0.003369733924046159, 0.0032450277358293533, 0.0031293320935219526, 0.0030257105827331543, 0.002934223273769021, 0.0028534752782434225, 0.0027818719390779734, 0.0027182118501514196, 0.002661699429154396, 0.0026116843800991774, 0.0025674323551356792, 0.002528077457100153, 0.0024927472695708275, 0.002460704417899251, 0.0024314234033226967, 0.002404568251222372, 0.0023799340706318617, 0.0023573695216327906, 0.0023367367684841156, 0.0023178826086223125, 0.002300643129274249, 0.0022848474327474833, 0.0022703364957123995, 0.002256968291476369, 0.0022446326911449432, 0.0022332468070089817, 0.002222749637439847, 0.0022130964789539576, 0.0022042500786483288, 0.002196173183619976, 0.002188826212659478, 0.0021821637637913227, 0.0021761367097496986, 0.002170693129301071, 0.0021657794713974, 0.0021613403223454952, 0.0021573249250650406, 0.0021536799613386393, 0.0021503623574972153, 0.002147327410057187, 0.0021445348393172026, 0.0021419499535113573, 0.00213954271748662, 0.0021372842602431774, 0.002135151531547308, 0.002133122179657221, 0.0021311803720891476, 0.0021293088793754578, 0.0021274955943226814, 0.002125728642567992, 0.0021239989437162876, 0.002122298115864396, 0.0021206217352300882, 0.0021189614199101925, 0.0021173146087676287, 0.0021156754810363054, 0.002114042406901717, 0.0021124135237187147, 0.0021107839420437813, 0.002109155058860779, 0.0021075240802019835, 0.002105890540406108, 0.002104253275319934, 0.002102611353620887, 0.0021009650081396103, 0.0020993133075535297, 0.002097656251862645, 0.002095993375405669, 0.00209432584233582, 0.0020926520228385925, 0.002090971916913986, 0.0020892866887152195, 0.002087595174089074, 0.0020858992356806993, 0.002084198174998164]
lr: 0.0001
batch_size: 16
num_epochs: 100
kernel_width: 24
hidden_size: 64
win_len: 24
all_feature: ['SGX-CO']
target_gas: CO
