Train loss: [0.010165761084522405, 0.008361659061523617, 0.0070728112602491495, 0.006011065779518383, 0.005173275354280374, 0.004408176482722328, 0.0036883874722063647, 0.0035774076075051346, 0.003055918769454486, 0.0027836923380691356, 0.0025803970965275996, 0.0023305555546712627, 0.0021895033447505586, 0.002032397739503563, 0.0018676721568981552, 0.001848879926599458, 0.0016242051895543049, 0.001540474193842867, 0.0015185502184580956, 0.001479716106058815, 0.0014362524113670963, 0.0012760382771494173, 0.001300557210501522, 0.0011882693956717762, 0.0011987780126346203, 0.0012100283022616514, 0.0011001129061952927, 0.001033430968110945, 0.0010579733794112717, 0.0010409336317573458, 0.000999168411674622, 0.0010107785561046106, 0.0010035662803141892, 0.0009534814947542796, 0.0009158090346767128, 0.0009382394438162793, 0.0009360218086421958, 0.000888948067570077, 0.0008596277499476033, 0.0008989154520835966, 0.0008807481113822352, 0.0008423096029119343, 0.0008453027233026046, 0.0008222207001682015, 0.0008334155279570568, 0.0008212703899361141, 0.0008622075903554131, 0.0008351701881375481, 0.0007698455527565758, 0.0007776454082195245, 0.0007727153505614988, 0.0008091920640100579, 0.0007651662050146822, 0.0007556924459955962, 0.0007587078144520139, 0.000746855660050574, 0.0007358282637523273, 0.0007407970090745813, 0.0007292108184184198, 0.000744904137359622, 0.0007654524614819791, 0.0007251024595055213, 0.0007217904663337362, 0.0007441113267920052, 0.0007368027251154158, 0.0007239690291580372, 0.000718737122189683, 0.0007143715335944141, 0.0006886747343087845, 0.0007299914658549366, 0.0007030080615085299, 0.0007041327419028887, 0.0006969988712557398, 0.0006983454084556173, 0.0006888620527618379, 0.0006961110702916932, 0.0007270406509819521, 0.0007138797882955188, 0.0007229592083688777, 0.0006715102943595026, 0.0007052377409928363, 0.0006961477981398925, 0.0006707169299720807, 0.0007048948552476825, 0.0007130016076212643, 0.0006786264537164684, 0.0007031631311895033, 0.0006945913956919089, 0.0006760187142548109, 0.0007026045101670911, 0.0006983449748458126, 0.0006854529172719843, 0.0007043364823023909, 0.0006827418153701139, 0.0006928715572111868, 0.000692212356704941, 0.0007011447804795667, 0.0007004559151402743, 0.0006852740967647326, 0.0006630360498499641]
Val loss: [0.006825445685535669, 0.006083391606807709, 0.005476393736898899, 0.004809610545635223, 0.004994899965822697, 0.004551885183900595, 0.004814182408154011, 0.004387980792671442, 0.004083653911948204, 0.003987256903201342, 0.003947040066123009, 0.0034993686713278294, 0.0033450450282543898, 0.0034357330296188593, 0.003232574323192239, 0.0029414298478513956, 0.002837842795997858, 0.0028096819296479225, 0.0029651555232703686, 0.002594901714473963, 0.0025983613450080156, 0.002332044532522559, 0.0025191709864884615, 0.0023208747152239084, 0.0022942451760172844, 0.002392843132838607, 0.002470867009833455, 0.002336908830329776, 0.002431135857477784, 0.0024010157212615013, 0.0023784544318914413, 0.0024038676638156176, 0.0023602319415658712, 0.0024151524994522333, 0.002362777478992939, 0.002309303730726242, 0.0024008192121982574, 0.002215702086687088, 0.0021671419963240623, 0.0022534686140716076, 0.0021781485993415117, 0.002190840197727084, 0.0022024086210876703, 0.002149710664525628, 0.00223104958422482, 0.0021388300228863955, 0.002205838682129979, 0.002270555356517434, 0.0022213393822312355, 0.0021202731877565384, 0.002183730248361826, 0.002194100059568882, 0.0021990761160850525, 0.002199422800913453, 0.0022270542103797197, 0.002101321006193757, 0.002198251197114587, 0.0021224759984761477, 0.0021669436246156693, 0.002179425209760666, 0.002296202117577195, 0.0022154792677611113, 0.002134055132046342, 0.0022251466289162636, 0.0022040000185370445, 0.002208967227488756, 0.002219073474407196, 0.0020782765932381153, 0.0022094117011874914, 0.002184787066653371, 0.0022763393353670835, 0.0022062764037400484, 0.002176310634240508, 0.0022376871202141047, 0.0022454988211393356, 0.0022856842260807753, 0.0022571072913706303, 0.00222767423838377, 0.0022399339359253645, 0.0022009694948792458, 0.0022412261459976435, 0.0021981862373650074, 0.002186697442084551, 0.0022188196890056133, 0.002218613401055336, 0.0022946663666516542, 0.0022416969295591116, 0.002268377458676696, 0.0023321283515542746, 0.002305447356775403, 0.0022294758819043636, 0.0023374452721327543, 0.002358929952606559, 0.002374955452978611, 0.002344799693673849, 0.0023332913406193256, 0.002465156838297844, 0.0023168809711933136, 0.0022683748975396156, 0.0023409442510455847]
lr: 0.0001
batch_size: 16
num_epochs: 100
kernel_width: 4
hidden_size: 128
win_len: 24
all_feature: ['SGX-CO']
target_gas: CO
