Train loss: [0.014015723540787962, 0.011157850747281721, 0.010190726062444972, 0.009326085121301265, 0.008548434379061602, 0.007840352302594463, 0.007193554139399602, 0.0066028437491395765, 0.00606525731544671, 0.005579385213447142, 0.005144401783020662, 0.004759118992343408, 0.004421266290562241, 0.004127159396075894, 0.0038718220247804143, 0.003649489736296961, 0.003454278806484702, 0.003280779688324524, 0.003124408763733253, 0.0029815086671184585, 0.0028492763186657197, 0.002725612631443213, 0.0026089627603869676, 0.002498178656557108, 0.002392412659720715, 0.0022910393458984587, 0.002193597941101741, 0.002099752031026471, 0.0020092600740172053, 0.0019219525258734578, 0.0018377170516483052, 0.0017564854369677048, 0.0016782258326490862, 0.00160293404523859, 0.0015306279668298492, 0.0014613433425269922, 0.0013951287784078896, 0.001332039749292712, 0.001272132994364966, 0.0012154613118456675, 0.001162065108218054, 0.0011119660703339514, 0.0010651602019425273, 0.001021613385847664, 0.000981256980382234, 0.0009439873904468322, 0.0009096695387596789, 0.0008781391113497004, 0.0008492099305666304, 0.0008226803998665897, 0.0007983416722474492, 0.0007759837110544971, 0.000755402153599035, 0.0007364031478754048, 0.0007188063030995756, 0.0007024478394168305, 0.0006871803172986988, 0.0006728733916211198, 0.0006594137315916711, 0.0006467026516322348, 0.0006346546162106668, 0.0006231963187656313, 0.0006122658581605435, 0.0006018091373749939, 0.0005917804660761735, 0.0005821406588310084, 0.0005728560180509102, 0.0005638977214112542, 0.0005552409368804527, 0.000546864091102682, 0.0005387489207540787, 0.0005308791889357232, 0.0005232414575422348, 0.0005158234821721156, 0.000508615006540188, 0.0005016067942762662, 0.0004947911528536827, 0.00048816082734584105, 0.0004817098461352708, 0.0004754326710341157, 0.0004693245554072144, 0.00046338063042502213, 0.00045759711604510095, 0.0004519705372045585, 0.0004464967177271416, 0.0004411727232198892, 0.0004359952126703051, 0.00043096093401577833, 0.00042606677555935714, 0.00042130978616667546, 0.00041668679629058836, 0.0004121947210442233, 0.0004078307193336949, 0.0004035913868151422, 0.0003994737099165034, 0.0003954747880850952, 0.0003915915361361553, 0.0003878204318210521, 0.0003841588761707045, 0.00038060355027603744]
Val loss: [0.009243251755833626, 0.008338849060237408, 0.007719880901277065, 0.007179264910519123, 0.0066949366591870785, 0.00625986885279417, 0.0058699315413832664, 0.00552400853484869, 0.00522358063608408, 0.004971321206539869, 0.004769507329910994, 0.004618617706000805, 0.004516253247857094, 0.004456635098904371, 0.004430955275893211, 0.0044286358170211315, 0.004439094103872776, 0.004453334026038647, 0.004464837722480297, 0.004469664301723242, 0.004465978126972914, 0.00445337500423193, 0.004432286135852337, 0.0044034989550709724, 0.004367889370769262, 0.004326264373958111, 0.004279326181858778, 0.004227649420499802, 0.004171724896878004, 0.004111972637474537, 0.0040487865917384624, 0.003982554189860821, 0.003913655877113342, 0.0038425112143158913, 0.0037695453502237797, 0.003695206716656685, 0.0036199588794261217, 0.00354428356513381, 0.0034686599392443895, 0.0033935813698917627, 0.003319539362564683, 0.003247032407671213, 0.003176536876708269, 0.003108508884906769, 0.0030433640349656343, 0.0029814427252858877, 0.0029230075888335705, 0.0028682174161076546, 0.0028171453159302473, 0.002769772196188569, 0.0027259981725364923, 0.0026856656186282635, 0.0026485659182071686, 0.002614458091557026, 0.0025830825325101614, 0.002554168226197362, 0.0025274434592574835, 0.002502650720998645, 0.0024795341305434704, 0.00245786109007895, 0.002437429968267679, 0.002418045187368989, 0.0023995344527065754, 0.002381758065894246, 0.0023645940236747265, 0.002347936388105154, 0.0023316966835409403, 0.0023158062249422073, 0.002300214720889926, 0.0022848709486424923, 0.0022697579115629196, 0.0022548462729901075, 0.002240123227238655, 0.002225589705631137, 0.0022112433798611164, 0.002197087276726961, 0.002183134201914072, 0.002169395796954632, 0.0021558820735663176, 0.002142609329894185, 0.0021295957267284393, 0.0021168545354157686, 0.002104401821270585, 0.0020922492258250713, 0.002080411184579134, 0.0020689007360488176, 0.002057732082903385, 0.002046906854957342, 0.002036432735621929, 0.002026317408308387, 0.0020165645983070135, 0.002007173141464591, 0.0019981449004262686, 0.0019894717261195183, 0.001981152920052409, 0.001973181962966919, 0.001965547213330865, 0.001958241453394294, 0.0019512540893629193, 0.0019445721991360188]
lr: 0.0001
batch_size: 16
num_epochs: 100
kernel_width: 4
hidden_size: 64
win_len: 24
all_feature: ['SGX-CO', 'SGX-SO2']
target_gas: CO
