Train loss: [0.014160058708935738, 0.00782763290174828, 0.006310634749165787, 0.005227244700935623, 0.004351208467280159, 0.00364527178073979, 0.0030890546361124305, 0.002649305481182458, 0.0022932301054087146, 0.001999792999252395, 0.0017578701135090946, 0.0015606139935279316, 0.0014019904041427543, 0.0012756688712587325, 0.0011752358404072479, 0.0010948363969714935, 0.0010296595254223155, 0.0009760633372900654, 0.0009314268788559838, 0.0008938939853715215, 0.0008621282165441678, 0.0008351259297918017, 0.0008120897309433824, 0.0007923559123376163, 0.0007753539773187252, 0.0007605907425570478, 0.0007476426125575227, 0.0007361523115350019, 0.0007258237067016972, 0.0007164181056602509, 0.0007077467180542541, 0.0006996640787463027, 0.0006920607728344644, 0.0006848580227717968, 0.0006780011894454317, 0.0006714546052979986, 0.0006651976027474327, 0.0006592204952749398, 0.0006535210741826955, 0.000648101540172594, 0.000642966038151861, 0.0006381177144173622, 0.0006335577546537294, 0.0006292832696281684, 0.000625287219728869, 0.0006215580981686235, 0.000618080026351541, 0.0006148336063289844, 0.0006117967504704951, 0.000608946191229233, 0.0006062578969218739, 0.000603708530164243, 0.0006012761141423584, 0.0005989404208216154, 0.000596683365076686, 0.0005944897308727461, 0.0005923454205379377, 0.0005902397993073025, 0.0005881636266723195, 0.0005861095517474103, 0.0005840716581710731, 0.0005820452292169644, 0.0005800273692657102, 0.0005780150612766883, 0.0005760070681253478, 0.0005740019988078337, 0.0005719996091179367, 0.0005699999685795914, 0.0005680030994611245, 0.0005660101654329494, 0.0005640219307162531, 0.0005620397773279393, 0.0005600643481018278, 0.0005580975960099737, 0.0005561407129033615, 0.0005541950591404275, 0.0005522619495180526, 0.0005503425053299141, 0.0005484377858588798, 0.0005465491134403664, 0.0005446769039220327, 0.0005428220103357944, 0.0005409854935738692, 0.0005391678278271014, 0.0005373694921567373, 0.0005355912002588338, 0.0005338332509897499, 0.0005320962450352667, 0.0005303804797016852, 0.0005286862672029721, 0.0005270140942236125, 0.0005253641785087082, 0.0005237370802392333, 0.0005221332642972107, 0.0005205529154106493, 0.0005189964091849792, 0.0005174640615187326, 0.0005159560243684632, 0.0005144722090335563, 0.0005130123958122788]
Val loss: [0.006845271214842796, 0.005518621765077114, 0.004936611279845238, 0.004523593466728926, 0.004160620272159576, 0.0038492572493851185, 0.003592386143282056, 0.003375730477273464, 0.0031855092383921146, 0.0030157831497490406, 0.002863624133169651, 0.002726269420236349, 0.0026018000207841396, 0.0024899239651858807, 0.002391502493992448, 0.0023074885830283165, 0.002238099230453372, 0.0021825218573212624, 0.0021391245536506176, 0.0021058768033981323, 0.002080746693536639, 0.0020619214046746492, 0.002047897782176733, 0.002037474885582924, 0.0020297165028750896, 0.002023906446993351, 0.0020195026881992817, 0.0020161063876003027, 0.002013425575569272, 0.002011255593970418, 0.0020094551146030426, 0.002007931936532259, 0.0020066273864358664, 0.0020055060740560293, 0.002004544949159026, 0.002003729809075594, 0.0020030480809509754, 0.0020024841651320457, 0.0020020208321511745, 0.002001635730266571, 0.002001301385462284, 0.0020009896252304316, 0.002000665757805109, 0.0020003009121865034, 0.0019998641218990088, 0.0019993321038782597, 0.0019986846018582582, 0.0019979074131697416, 0.001996993087232113, 0.0019959411583840847, 0.0019947539549320936, 0.0019934391602873802, 0.001992005854845047, 0.0019904638174921274, 0.001988826086744666, 0.001987103372812271, 0.001985306851565838, 0.0019834463018924, 0.001981531735509634, 0.0019795717671513557, 0.001977573847398162, 0.0019755461253225803, 0.0019734958186745644, 0.001971430378034711, 0.0019693546928465366, 0.0019672755151987076, 0.0019651988986879587, 0.0019631306640803814, 0.001961074536666274, 0.00195903773419559, 0.0019570228178054094, 0.001955034676939249, 0.0019530775025486946, 0.0019511543214321136, 0.0019492685096338391, 0.0019474225118756294, 0.0019456185400485992, 0.001943856943398714, 0.001942139700986445, 0.0019404663471505046, 0.0019388379296287894, 0.0019372543320059776, 0.001935715088620782, 0.0019342204323038459, 0.0019327686168253422, 0.0019313611555844545, 0.001929996651597321, 0.0019286749884486198, 0.00192739418707788, 0.0019261542474851012, 0.0019249537726864219, 0.0019237917149439454, 0.0019226673757657409, 0.0019215794745832682, 0.0019205273129045963, 0.0019195099594071507, 0.0019185267155990005, 0.0019175767665728927, 0.001916657667607069, 0.0019157702336087823]
lr: 0.0001
batch_size: 8
num_epochs: 100
kernel_width: 4
hidden_size: 64
win_len: 24
all_feature: ['SGX-CO']
target_gas: CO
