Train loss: [0.02101571035728487, 0.009443124806415112, 0.008204867005922236, 0.007299137571041125, 0.00655345086506748, 0.00589159415643863, 0.005295894342133883, 0.004767769822448057, 0.004310250668074834, 0.003922036887570559, 0.003595952336061049, 0.0033206130532528935, 0.0030839073416507067, 0.0028757799615948855, 0.0026891581401448593, 0.0025195619196955233, 0.0023643055868133684, 0.002221760834781624, 0.0020908528639767827, 0.0019707668733741136, 0.0018608027931241366, 0.0017603127371174914, 0.001668678519546929, 0.0015852979967029873, 0.0015095782474500701, 0.0014409307171129985, 0.0013787713883351357, 0.0013225256611097583, 0.001271638266795971, 0.001225580081663147, 0.001183857422288963, 0.0011460161465234918, 0.0011116448691579559, 0.0010803747936503308, 0.0010518791375784516, 0.0010258680402263456, 0.0010020872573964722, 0.0009803117997220913, 0.0009603431024535493, 0.0009420053040804831, 0.0009251415235883353, 0.0009096109622188229, 0.000895287869684162, 0.0008820581268938465, 0.0008698179391428318, 0.0008584741573794358, 0.0008479417381440829, 0.0008381427385367113, 0.0008290071204200165, 0.0008204712645554078, 0.0008124767760356407, 0.0008049707221721825, 0.0007979053270987713, 0.0007912379504003094, 0.0007849295018122697, 0.0007789451084126286, 0.0007732535784248529, 0.000767826487981409, 0.0007626395044714264, 0.0007576698346312123, 0.0007528978617777416, 0.0007483069412144505, 0.0007438809240618384, 0.0007396073468674988, 0.0007354743120150691, 0.0007314715668728567, 0.0007275909904202182, 0.0007238248835590041, 0.0007201662428039862, 0.0007166109041112416, 0.0007131531496946249, 0.0007097892652631288, 0.0007065158322147586, 0.0007033296517857108, 0.0007002278025936484, 0.0006972077878362741, 0.0006942675706145597, 0.0006914048377553222, 0.0006886170803865722, 0.000685902448154315, 0.0006832586599973939, 0.0006806831808005428, 0.0006781739944821849, 0.0006757284042227023, 0.000673344111096317, 0.0006710187089526122, 0.0006687494668298735, 0.0006665339026161332, 0.0006643691230547592, 0.000662252573652539, 0.0006601822094639826, 0.0006581547606728154, 0.0006561679443723617, 0.0006542191731453547, 0.0006523065131096218, 0.0006504274586412864, 0.0006485796702131581, 0.0006467609483360082, 0.0006449698949186634, 0.0006432037155504753]
Val loss: [0.004334389232099056, 0.0022853489499539137, 0.001418477506376803, 0.0012268135324120522, 0.001257190015166998, 0.001299280789680779, 0.0012908203061670065, 0.001224761945195496, 0.0011140385176986456, 0.000981368008069694, 0.0008510539773851633, 0.0007402034825645387, 0.0006552808918058872, 0.0005950502236373723, 0.0005553043447434902, 0.0005317986360751092, 0.0005210826639086008, 0.0005203128675930202, 0.0005269063985906541, 0.0005383679526858032, 0.0005523227737285197, 0.0005666598444804549, 0.0005796964978799224, 0.0005902746925130486, 0.0005977500113658607, 0.0006019138963893056, 0.000602885615080595, 0.000601002830080688, 0.000596716592554003, 0.0005905213765799999, 0.0005829035653732717, 0.0005743012297898531, 0.0005650923703797162, 0.0005555886309593916, 0.0005460337270051241, 0.0005366133409552276, 0.000527456752024591, 0.0005186485941521823, 0.0005102443974465132, 0.0005022623809054494, 0.0004947019042447209, 0.00048754585441201925, 0.00048076690291054547, 0.0004743278550449759, 0.00046818668488413095, 0.00046230145380832255, 0.00045662285992875695, 0.00045111181680113077, 0.00044573016930371523, 0.0004404358332976699, 0.00043519315659068525, 0.0004299686406739056, 0.0004247389151714742, 0.0004194787179585546, 0.0004141652025282383, 0.0004087849229108542, 0.0004033187578897923, 0.0003977607993874699, 0.0003920994349755347, 0.00038632997893728316, 0.000380452984245494, 0.0003744651039596647, 0.00036836948129348457, 0.00036217106389813125, 0.0003558750613592565, 0.0003494912525638938, 0.0003430273209232837, 0.00033649339457042515, 0.00032990166801027954, 0.00032326666405424476, 0.0003166002279613167, 0.0003099137975368649, 0.00030322372913360596, 0.00029654294485226274, 0.00028988454141654074, 0.0002832625759765506, 0.00027668915572576225, 0.0002701766206882894, 0.0002637358848005533, 0.0002573775127530098, 0.00025110895512625575, 0.0002449409512337297, 0.00023887853603810072, 0.00023293049889616668, 0.00022710024495609105, 0.00022139414795674384, 0.00021581545297522098, 0.000210366997634992, 0.0002050513430731371, 0.0001998728548642248, 0.00019483183859847486, 0.00018993031699210405, 0.0001851710258051753, 0.00018055591499432921, 0.0001760869490681216, 0.00017176590336021036, 0.0001675953681115061, 0.0001635785447433591, 0.0001597188093001023, 0.0001560189703013748]
lr: 0.0001
batch_size: 16
num_epochs: 100
kernel_width: 4
hidden_size: 64
win_len: 24
all_feature: ['SGX-CO']
target_gas: CO
