Train loss: [0.014863342743300827, 0.012965783741347183, 0.01194344780148839, 0.011147038149234106, 0.01044993986039472, 0.009824241693379612, 0.009254250261028843, 0.008729996954327857, 0.008244316700912087, 0.007791876827625657, 0.007368762119392142, 0.006972226476814797, 0.006600489548942041, 0.006252544444914048, 0.005927932340673793, 0.005626500704320225, 0.005348152595643814, 0.0050926167975295575, 0.004859268399142831, 0.00464700544859178, 0.004454223520657014, 0.004278875889598265, 0.004118616117947024, 0.003971001768440625, 0.0038337010476936603, 0.0037046659533926368, 0.0035822201398967284, 0.0034650927877946367, 0.0033523749124765747, 0.0032434510293047458, 0.003137916890276078, 0.0030355131038679525, 0.002936063572962785, 0.0028394415070848353, 0.0027455439620249016, 0.0026542770648760906, 0.0025655499698054155, 0.0024792751801591476, 0.002395369865815844, 0.0023137559246315933, 0.002234365629340858, 0.002157143304212647, 0.0020820453349699283, 0.0020090406019372875, 0.001938111520477036, 0.0018692520730880767, 0.0018024647660751843, 0.001737764323152293, 0.001675172058380479, 0.001614714896626021, 0.0015564252600382418, 0.0015003381608351624, 0.0014464882552381274, 0.0013949097123151348, 0.0013456304105737152, 0.0012986718784444608, 0.0012540474222675407, 0.0012117565785859817, 0.0011717873349918063, 0.001134112825033051, 0.0010986918492584363, 0.0010654684710013267, 0.0010343733716194005, 0.001005326311197683, 0.0009782365078282867, 0.000953005443426323, 0.0009295290909134425, 0.000907701741733186, 0.0008874151683495154, 0.0008685631082343632, 0.0008510419915667212, 0.0008347526955908749, 0.0008196008320038135, 0.0008054982611810314, 0.0007923632274662866, 0.0007801198955768576, 0.0007686984397404822, 0.0007580346970670146, 0.0007480697399115509, 0.0007387502328354931, 0.0007300256795563994, 0.0007218500753567063, 0.0007141798443971037, 0.000706974694990283, 0.000700196717485521, 0.0006938099429926136, 0.0006877803953210189, 0.0006820758909383822, 0.0006766667690117067, 0.0006715242801917464, 0.0006666216293911962, 0.0006619338830657435, 0.0006574388246255867, 0.000653115208618916, 0.0006489433718779118, 0.0006449064217816443, 0.0006409885037343222, 0.000637175989221539, 0.0006334563086261235, 0.00062981872239354]
Val loss: [0.019279753789305687, 0.019116370007395744, 0.018895063549280167, 0.018299687653779984, 0.01752561144530773, 0.016683466732501984, 0.015839602798223495, 0.015028510242700577, 0.014265712350606918, 0.013556513004004955, 0.012901353649795055, 0.0122988848015666, 0.011747423559427261, 0.011245397850871086, 0.010791349224746227, 0.010383667424321175, 0.010020274668931961, 0.009698336943984032, 0.009414054453372955, 0.009162608534097672, 0.008938348852097988, 0.008735161274671555, 0.008547032251954079, 0.008368621580302715, 0.008195657283067703, 0.00802515633404255, 0.007855361327528954, 0.007685522083193064, 0.0075156050734221935, 0.007346001919358969, 0.007177289109677076, 0.0070100584998726845, 0.006844809744507074, 0.0066819097846746445, 0.006521559786051512, 0.0063637979328632355, 0.0062085590325295925, 0.0060556852258741856, 0.005904968362301588, 0.005756170954555273, 0.005609072279185057, 0.005463449750095606, 0.005319124553352594, 0.005175947677344084, 0.005033820867538452, 0.004892714321613312, 0.004752650391310453, 0.004613742232322693, 0.0044761779718101025, 0.004340216983109713, 0.004206208046525717, 0.004074558615684509, 0.00394573574885726, 0.0038202214054763317, 0.003698519431054592, 0.0035811038687825203, 0.003468406153842807, 0.0033607827499508858, 0.0032585037406533957, 0.00316173885948956, 0.003070558188483119, 0.002984937047585845, 0.0029047608841210604, 0.0028298399411141872, 0.0027599262539297342, 0.0026947311125695705, 0.0026339374016970396, 0.0025772149674594402, 0.002524234587326646, 0.0024746728595346212, 0.0024282224476337433, 0.0023845911491662264, 0.0023435133043676615, 0.002304746536538005, 0.002268069889396429, 0.002233286155387759, 0.002200221875682473, 0.0021687180269509554, 0.0021386367734521627, 0.0021098561119288206, 0.002082265680655837, 0.0020557662937790155, 0.002030271105468273, 0.002005702117457986, 0.0019819862209260464, 0.0019590582232922316, 0.0019368571229279041, 0.0019153296016156673, 0.0018944252515211701, 0.0018741005333140492, 0.0018543113255873322, 0.001835023402236402, 0.001816201489418745, 0.0017978172982111573, 0.0017798483604565263, 0.0017622665036469698, 0.0017450557788833976, 0.0017281973268836737, 0.0017116800881922245, 0.0016954911407083273]
lr: 0.0001
batch_size: 16
num_epochs: 100
kernel_width: 4
hidden_size: 64
win_len: 24
all_feature: ['SGX-CO', 'SGX-SO2']
target_gas: CO
