Train loss: [0.014863342743300827, 0.012965783741347183, 0.01194344780148839, 0.011147038149234106, 0.01044993986039472, 0.009824241693379612, 0.009254250261028843, 0.008729996954327857, 0.008244316700912087, 0.007791876827625657, 0.007368762119392142, 0.006972226476814797, 0.006600489548942041, 0.006252544444914048, 0.005927932340673793, 0.005626500704320225, 0.005348152595643814, 0.0050926167975295575, 0.004859268399142831, 0.00464700544859178, 0.004454223520657014, 0.004278875889598265, 0.004118616117947024, 0.003971001768440625, 0.0038337010476936603, 0.0037046659533926368, 0.0035822201398967284, 0.0034650927877946367, 0.0033523749124765747, 0.0032434510293047458, 0.003137916890276078, 0.0030355131038679525, 0.002936063572962785, 0.0028394415070848353, 0.0027455439620249016, 0.0026542770648760906, 0.0025655499698054155, 0.0024792751801591476, 0.002395369865815844, 0.0023137559246315933, 0.002234365629340858, 0.002157143304212647, 0.0020820453349699283, 0.0020090406019372875, 0.001938111520477036, 0.0018692520730880767, 0.0018024647660751843, 0.001737764323152293, 0.001675172058380479, 0.001614714896626021, 0.0015564252600382418, 0.0015003381608351624, 0.0014464882552381274, 0.0013949097123151348, 0.0013456304105737152, 0.0012986718784444608, 0.0012540474222675407, 0.0012117565785859817, 0.0011717873349918063, 0.001134112825033051, 0.0010986918492584363, 0.0010654684710013267, 0.0010343733716194005, 0.001005326311197683, 0.0009782365078282867, 0.000953005443426323, 0.0009295290909134425, 0.000907701741733186, 0.0008874151683495154, 0.0008685631082343632, 0.0008510419915667212, 0.0008347526955908749, 0.0008196008320038135, 0.0008054982611810314, 0.0007923632274662866, 0.0007801198955768576, 0.0007686984397404822, 0.0007580346970670146, 0.0007480697399115509, 0.0007387502328354931, 0.0007300256795563994, 0.0007218500753567063, 0.0007141798443971037, 0.000706974694990283, 0.000700196717485521, 0.0006938099429926136, 0.0006877803953210189, 0.0006820758909383822, 0.0006766667690117067, 0.0006715242801917464, 0.0006666216293911962, 0.0006619338830657435, 0.0006574388246255867, 0.000653115208618916, 0.0006489433718779118, 0.0006449064217816443, 0.0006409885037343222, 0.000637175989221539, 0.0006334563086261235, 0.00062981872239354]
Val loss: [0.04214492812752724, 0.040914855897426605, 0.03910556808114052, 0.03745967522263527, 0.03584980219602585, 0.03424994274973869, 0.032650675624608994, 0.031051915138959885, 0.02945920266211033, 0.027881495654582977, 0.026329638436436653, 0.02481524646282196, 0.02334991842508316, 0.02194472774863243, 0.020609742030501366, 0.019353589043021202, 0.018182916566729546, 0.017101921141147614, 0.016111940145492554, 0.01521130371838808, 0.014395484700798988, 0.013657656498253345, 0.012989458627998829, 0.012381905689835548, 0.011826200410723686, 0.011314303614199162, 0.01083927508443594, 0.010395366698503494, 0.009977957233786583, 0.009583400562405586, 0.00920883659273386, 0.008852030150592327, 0.008511227555572987, 0.008185025304555893, 0.007872278802096844, 0.007572042290121317, 0.007283511105924845, 0.007006004918366671, 0.006738934200257063, 0.006481792777776718, 0.0062341466546058655, 0.005995630752295256, 0.0057659391313791275, 0.005544827785342932, 0.005332101136445999, 0.00512760691344738, 0.004931247793138027, 0.004742956720292568, 0.00456269970163703, 0.0043904734775424, 0.004226294811815023, 0.004070186987519264, 0.003922183997929096, 0.0037823086604475975, 0.0036505619063973427, 0.00352692068554461, 0.0034113202709704638, 0.003303652396425605, 0.003203754313290119, 0.0031114162411540747, 0.0030263662338256836, 0.0029482869431376457, 0.0028768142219632864, 0.0028115473687648773, 0.0027520565781742334, 0.002697888994589448, 0.002648585010319948, 0.0026036836206912994, 0.002562728011980653, 0.0025252813939005136, 0.002490924671292305, 0.002459269715473056, 0.002429954009130597, 0.002402653219178319, 0.0023770788684487343, 0.002352969953790307, 0.0023301022592931986, 0.002308289520442486, 0.0022873682901263237, 0.0022672091145068407, 0.002247702796012163, 0.002228763187304139, 0.0022103250958025455, 0.002192334271967411, 0.0021747525315731764, 0.002157547976821661, 0.0021407005842775106, 0.0021241926588118076, 0.0021080123260617256, 0.0020921449176967144, 0.002076583681628108, 0.0020613204687833786, 0.002046348061412573, 0.0020316557493060827, 0.002017234219238162, 0.0020030783489346504, 0.0019891776610165834, 0.0019755244720727205, 0.001962109701707959, 0.0019489217083901167]
lr: 0.0001
batch_size: 16
num_epochs: 100
kernel_width: 4
hidden_size: 64
win_len: 24
all_feature: ['SGX-CO', 'SGX-SO2']
target_gas: CO
