Train loss: [0.027001626200939672, 0.011147158357677952, 0.009783116946646995, 0.008779311538345066, 0.007988068960538419, 0.007340243779229593, 0.0067788482316700075, 0.006269918198953692, 0.005797922769475617, 0.005358225261333075, 0.004951155501414956, 0.004578591628713169, 0.004242097944147053, 0.003941901492149385, 0.0036764869990948295, 0.003442690191559776, 0.003236170274876592, 0.0030521137241661138, 0.002885935319770612, 0.0027337775873344395, 0.0025927119975587393, 0.0024606878934771265, 0.002336351202129784, 0.002218834372230652, 0.0021075872017929527, 0.0020022516395275156, 0.0019025838147575262, 0.0018084029676135299, 0.0017195619064709219, 0.0016359258511036009, 0.0015573607251989897, 0.0014837242710807321, 0.0014148607898690378, 0.0013506001935358577, 0.0012907552962527899, 0.001235124040044703, 0.0011834907232275654, 0.0011356308839537447, 0.001091313163750827, 0.001050303807623204, 0.0010123705210692288, 0.0009772861823239417, 0.0009448315034083786, 0.0009147980711074925, 0.000886989733527873, 0.0008612235828360949, 0.0008373312937370297, 0.0008151583568247353, 0.0007945640273454162, 0.0007754196857908662, 0.0007576096507204942, 0.0007410280027201813, 0.0007255786326008457, 0.0007111736266571597, 0.0006977326780969436, 0.000685181644956792, 0.0006734516957542167, 0.0006624791159784514, 0.0006522050349255347, 0.0006425743490055264, 0.0006335356399717673, 0.0006250416799334041, 0.0006170491585479391, 0.0006095168315767364, 0.000602408103768055, 0.0005956892954960595, 0.0005893297214335081, 0.0005833017566832814, 0.0005775807845285172, 0.0005721444020797512, 0.0005669723003742856, 0.0005620463125151748, 0.0005573510641731158, 0.000552871319090713, 0.0005485941049430287, 0.0005445070738714482, 0.0005405991969838883, 0.0005368606001579564, 0.0005332814519290747, 0.000529853192970925, 0.0005265670860276301, 0.0005234153944848367, 0.0005203910328258599, 0.0005174865851742611, 0.0005146952844873079, 0.0005120111098169838, 0.0005094275786350753, 0.0005069392648198572, 0.0005045404823407809, 0.0005022257768659601, 0.0004999904823096273, 0.0004978299722053537, 0.0004957393962225496, 0.0004937146753863934, 0.0004917519181840953, 0.0004898472476100974, 0.0004879972322423587, 0.0004861985840331839, 0.00048444783468177866, 0.0004827423790825327]
Val loss: [0.011467630974948406, 0.01096998993307352, 0.01034246850758791, 0.009837359189987183, 0.009357583709061146, 0.008859530091285706, 0.008331919088959694, 0.007783080916851759, 0.007229365408420563, 0.006687868852168322, 0.006173345260322094, 0.005697385407984257, 0.0052681271918118, 0.00488976901397109, 0.004562067333608866, 0.004280403722077608, 0.004036899656057358, 0.0038223552983254194, 0.0036282246001064777, 0.0034478872548788786, 0.003276990493759513, 0.003113128012046218, 0.0029552308842539787, 0.0028030190151184797, 0.0026565934531390667, 0.002516199368983507, 0.002382102655246854, 0.0022545382380485535, 0.002133683767169714, 0.0020196603145450354, 0.0019125357503071427, 0.001812323578633368, 0.0017189853824675083, 0.0016324297757819295, 0.0015525157796218991, 0.0014790472341701388, 0.001411778968758881, 0.001350419595837593, 0.0012946382630616426, 0.0012440724531188607, 0.0011983374133706093, 0.001157036516815424, 0.0011197705753147602, 0.0010861499467864633, 0.001055802102200687, 0.001028374070301652, 0.0010035417508333921, 0.0009810107294470072, 0.0009605188970454037, 0.0009418340632691979, 0.0009247519192285836, 0.0009090973762795329, 0.0008947186288423836, 0.0008814847678877413, 0.0008692826377227902, 0.0008580146823078394, 0.0008475956856273115, 0.0008379503269679844, 0.0008290113182738423, 0.0008207188220694661, 0.0008130172500386834, 0.0008058563689701259, 0.0007991890306584537, 0.0007929715211503208, 0.0007871635025367141, 0.000781727023422718, 0.0007766279159113765, 0.000771833467297256, 0.0007673143409192562, 0.0007630431791767478, 0.0007589954766444862, 0.0007551488233730197, 0.0007514822063967586, 0.0007479771156795323, 0.0007446181843988597, 0.0007413888815790415, 0.0007382764597423375, 0.0007352678221650422, 0.0007323524914681911, 0.0007295209215953946, 0.0007267638575285673, 0.0007240730337798595, 0.0007214413490146399, 0.0007188622839748859, 0.0007163305417634547, 0.0007138402434065938, 0.0007113873143680394, 0.0007089677383191884, 0.000706576625816524, 0.000704212230630219, 0.000701871351338923, 0.0006995516014285386, 0.000697250128723681, 0.000694966409355402, 0.0006926985224708915, 0.0006904440233483911, 0.0006882034940645099, 0.0006859750719740987, 0.0006837585242465138, 0.000681553443428129]
lr: 0.0001
batch_size: 16
num_epochs: 100
kernel_width: 4
hidden_size: 64
win_len: 24
all_feature: ['SGX-CO']
target_gas: CO
