Train loss: [0.014015723540787962, 0.011157850747281721, 0.010190726062444972, 0.009326085121301265, 0.008548434379061602, 0.007840352302594463, 0.007193554139399602, 0.0066028437491395765, 0.00606525731544671, 0.005579385213447142, 0.005144401783020662, 0.004759118992343408, 0.004421266290562241, 0.004127159396075894, 0.0038718220247804143, 0.003649489736296961, 0.003454278806484702, 0.003280779688324524, 0.003124408763733253, 0.0029815086671184585, 0.0028492763186657197, 0.002725612631443213, 0.0026089627603869676, 0.002498178656557108, 0.002392412659720715, 0.0022910393458984587, 0.002193597941101741, 0.002099752031026471, 0.0020092600740172053, 0.0019219525258734578, 0.0018377170516483052, 0.0017564854369677048, 0.0016782258326490862, 0.00160293404523859, 0.0015306279668298492, 0.0014613433425269922, 0.0013951287784078896, 0.001332039749292712, 0.001272132994364966, 0.0012154613118456675, 0.001162065108218054, 0.0011119660703339514, 0.0010651602019425273, 0.001021613385847664, 0.000981256980382234, 0.0009439873904468322, 0.0009096695387596789, 0.0008781391113497004, 0.0008492099305666304, 0.0008226803998665897, 0.0007983416722474492, 0.0007759837110544971, 0.000755402153599035, 0.0007364031478754048, 0.0007188063030995756, 0.0007024478394168305, 0.0006871803172986988, 0.0006728733916211198, 0.0006594137315916711, 0.0006467026516322348, 0.0006346546162106668, 0.0006231963187656313, 0.0006122658581605435, 0.0006018091373749939, 0.0005917804660761735, 0.0005821406588310084, 0.0005728560180509102, 0.0005638977214112542, 0.0005552409368804527, 0.000546864091102682, 0.0005387489207540787, 0.0005308791889357232, 0.0005232414575422348, 0.0005158234821721156, 0.000508615006540188, 0.0005016067942762662, 0.0004947911528536827, 0.00048816082734584105, 0.0004817098461352708, 0.0004754326710341157, 0.0004693245554072144, 0.00046338063042502213, 0.00045759711604510095, 0.0004519705372045585, 0.0004464967177271416, 0.0004411727232198892, 0.0004359952126703051, 0.00043096093401577833, 0.00042606677555935714, 0.00042130978616667546, 0.00041668679629058836, 0.0004121947210442233, 0.0004078307193336949, 0.0004035913868151422, 0.0003994737099165034, 0.0003954747880850952, 0.0003915915361361553, 0.0003878204318210521, 0.0003841588761707045, 0.00038060355027603744]
Val loss: [0.014518934302031994, 0.01349441148340702, 0.012508966960012913, 0.011593357659876347, 0.010740057565271854, 0.009942864067852497, 0.009198990650475025, 0.00850730761885643, 0.007867102511227131, 0.00727752735838294, 0.006737411022186279, 0.0062453532591462135, 0.005799898877739906, 0.005399526096880436, 0.005042316857725382, 0.00472550792619586, 0.004445260856300592, 0.004196863621473312, 0.003975229803472757, 0.0037754469085484743, 0.0035931754391640425, 0.0034248260781168938, 0.003267583204433322, 0.003119309665635228, 0.002978429663926363, 0.0028437988366931677, 0.0027146046049892902, 0.0025902753695845604, 0.0024704185780137777, 0.0023547718301415443, 0.0022431700490415096, 0.0021355191711336374, 0.002031771931797266, 0.0019319262355566025, 0.0018360016401857138, 0.0017440379597246647, 0.0016560896765440702, 0.0015722195385023952, 0.001492495066486299, 0.0014169909991323948, 0.0013457819586619735, 0.0012789416359737515, 0.0012165306834504008, 0.001158588333055377, 0.0011051204055547714, 0.001056081149727106, 0.001011374988593161, 0.000970842782407999, 0.0009342760895378888, 0.0009014200186356902, 0.0008719865581952035, 0.0008456686628051102, 0.0008221545140258968, 0.0008011356694623828, 0.0007823205669410527, 0.0007654355140402913, 0.0007502337102778256, 0.0007364941411651671, 0.000724021578207612, 0.0007126472773961723, 0.000702226534485817, 0.0006926347268745303, 0.0006837654509581625, 0.000675531045999378, 0.0006678554927930236, 0.0006606738897971809, 0.0006539326277561486, 0.0006475842674262822, 0.0006415901007130742, 0.0006359152030199766, 0.0006305298884399235, 0.0006254081381484866, 0.0006205274839885533, 0.0006158666219562292, 0.0006114086136221886, 0.0006071362877264619, 0.0006030352669768035, 0.0005990925710648298, 0.0005952961510047317, 0.0005916348309256136, 0.0005880990065634251, 0.000584679190069437, 0.0005813670577481389, 0.0005781548097729683, 0.0005750354612246156, 0.0005720023764297366, 0.000569049792829901, 0.0005661713657900691, 0.0005633627879433334, 0.0005606189370155334, 0.0005579349817708135, 0.0005553075461648405, 0.0005527324392460287, 0.0005502061103470623, 0.0005477251834236085, 0.0005452869227156043, 0.000542888417840004, 0.0005405276315286756, 0.0005382011877372861, 0.0005359076312743127]
lr: 0.0001
batch_size: 16
num_epochs: 100
kernel_width: 4
hidden_size: 64
win_len: 24
all_feature: ['SGX-CO', 'SGX-SO2']
target_gas: CO
