Train loss: [0.013072057105102104, 0.010669411053800818, 0.009635963784563285, 0.008718717968247493, 0.00790380433280936, 0.007179694532387488, 0.0065402789868097815, 0.005980349481523219, 0.005493132275425123, 0.0050693724568167805, 0.004697403068083954, 0.004364894197796221, 0.0040614593696695934, 0.0037799253505497424, 0.0035159702231723714, 0.003267218171791266, 0.0030325130073378583, 0.0028114809807592176, 0.0026042834397950734, 0.0024114392235808995, 0.002233642831808487, 0.0020715583196317514, 0.0019255952751160979, 0.001795722038714959, 0.001681368102981439, 0.001581440614745112, 0.0014944541545468789, 0.0014187253084509688, 0.0013525636462962019, 0.0012944135182684589, 0.0012429312235885544, 0.001197003066677728, 0.0011557275431739694, 0.0011183830293608837, 0.0010843926417149117, 0.0010532935868449427, 0.0010247129257264242, 0.0009983482499437773, 0.0009739527225248272, 0.0009513239883649682, 0.0009302943683030437, 0.0009107233558218206, 0.0008924914911151912, 0.0008754954484361305, 0.000859644514634854, 0.0008448575694415918, 0.0008310608141819759, 0.0008181855327471965, 0.0008061697352319799, 0.0007949543095882809, 0.0007844843914704148, 0.0007747084484638904, 0.0007655788871662407, 0.0007570502713482016, 0.0007490815566806611, 0.0007416330889743949, 0.0007346680196291063, 0.0007281521443934618, 0.0007220531860014101, 0.0007163406884293933, 0.0007109858805928444, 0.0007059609822587927, 0.0007012405274739452, 0.0006967993542658788, 0.0006926137142477511, 0.0006886619479355876, 0.0006849224210868029, 0.0006813747760293869, 0.0006780004650514304, 0.0006747815666307735, 0.0006717014385940783, 0.0006687452214538544, 0.0006658989615327482, 0.000663149813606162, 0.0006604868732243711, 0.0006578994591460738, 0.0006553793670387334, 0.0006529188660068039, 0.0006505108664385006, 0.0006481502396730831, 0.0006458316996214668, 0.0006435514367650381, 0.0006413062894757517, 0.0006390931237555663, 0.0006369099387584896, 0.0006347549217292329, 0.00063262609279418, 0.0006305224592043943, 0.000628442830057561, 0.0006263863950711918, 0.0006243520294957414, 0.0006223395744629196, 0.000620348004545508, 0.0006183770336687773, 0.0006164258187533735, 0.0006144945863450035, 0.0006125821086956997, 0.0006106887173655143, 0.0006088137379011283, 0.0006069570168552213]
Val loss: [0.008304382674396038, 0.007508757524192333, 0.0068642874248325825, 0.006340472958981991, 0.0059111942537128925, 0.005554678849875927, 0.005255234427750111, 0.005005619954317808, 0.004804615862667561, 0.004648102447390556, 0.0045240698382258415, 0.004417517688125372, 0.004316599108278751, 0.004213864915072918, 0.004104781895875931, 0.0039864531718194485, 0.0038572801277041435, 0.003717251354828477, 0.0035683433525264263, 0.003414557548239827, 0.0032613675575703382, 0.003114633960649371, 0.0029793765861541033, 0.002858866238966584, 0.0027543201576918364, 0.002665206091478467, 0.002589879324659705, 0.002526229480281472, 0.0024721494410187006, 0.0024257905315607786, 0.002385651459917426, 0.002350564580410719, 0.0023196497932076454, 0.002292250981554389, 0.0022678778041154146, 0.002246157033368945, 0.002226795768365264, 0.0022095513995736837, 0.00219420762732625, 0.0021805674768984318, 0.002168437233194709, 0.002157631330192089, 0.0021479716524481773, 0.002139283111318946, 0.002131405286490917, 0.002124191727489233, 0.0021175132133066654, 0.0021112547256052494, 0.0021053238306194544, 0.0020996411330997944, 0.002094145165756345, 0.0020887877326458693, 0.0020835334435105324, 0.0020783538930118084, 0.002073231851682067, 0.0020681547466665506, 0.0020631137304008007, 0.002058104844763875, 0.0020531227346509695, 0.0020481711253523827, 0.0020432467572391033, 0.002038351958617568, 0.002033487195149064, 0.002028652699664235, 0.002023849869146943, 0.0020190789364278316, 0.002014342462643981, 0.002009639283642173, 0.0020049703307449818, 0.0020003390964120626, 0.001995744416490197, 0.0019911881536245346, 0.0019866738002747297, 0.00198220182210207, 0.001977775478735566, 0.0019733973313122988, 0.001969071803614497, 0.0019648007582873106, 0.0019605879206210375, 0.001956439344212413, 0.001952356076799333, 0.0019483434734866023, 0.0019444070057943463, 0.001940548769198358, 0.0019367735367268324, 0.0019330832874402404, 0.0019294844241812825, 0.001925978111103177, 0.0019225676078349352, 0.0019192567560821772, 0.0019160471856594086, 0.0019129411084577441, 0.001909940387122333, 0.0019070456037297845, 0.001904259785078466, 0.0019015829311683774, 0.001899017603136599, 0.001896562403999269, 0.0018942194292321801, 0.0018919891444966197]
lr: 0.0001
batch_size: 16
num_epochs: 100
kernel_width: 6
hidden_size: 64
win_len: 24
all_feature: ['SGX-CO']
target_gas: CO
