Train loss: [0.030811967643691235, 0.009922361199237726, 0.009087004428848676, 0.00838281397140727, 0.0077987560293310875, 0.007288343338154872, 0.006818710822000562, 0.006373123396990324, 0.005946155235808824, 0.005538618249538961, 0.005154070985959941, 0.004796714447135143, 0.004470069763143313, 0.004176092712204292, 0.00391471871376532, 0.0036839114510745885, 0.0034801844942217585, 0.0032993763082414624, 0.0031373613303672518, 0.002990516436874988, 0.0028559168978519434, 0.0027313454562366635, 0.0026151990098932953, 0.0025063528282496302, 0.0024040360675910023, 0.0023077194087263693, 0.002217034022166579, 0.0021317097815393327, 0.002051531973216852, 0.0019763101567758182, 0.001905862787875051, 0.0018400038818571808, 0.0017785374695875348, 0.0017212580635219952, 0.0016679499752069275, 0.0016183898547323847, 0.0015723511493440643, 0.0015296053848249949, 0.0014899256780127777, 0.0014530896971910775, 0.0014188808171627166, 0.001387092398698588, 0.001357527469242549, 0.0013300020393250864, 0.0013043448984638134, 0.0012803981815192663, 0.0012580173768263583, 0.0012370707457440627, 0.0012174378668540293, 0.0011990096795993909, 0.0011816873588914765, 0.0011653810718104383, 0.0011500098424875834, 0.0011355010025545834, 0.0011217886458960936, 0.0011088121504868717, 0.0010965176772898685, 0.0010848564267368843, 0.0010737840565164358, 0.0010632597425263006, 0.0010532466892578028, 0.0010437107451446571, 0.0010346211240940203, 0.0010259491879367232, 0.0010176687829339566, 0.00100975488656774, 0.0010021851702709276, 0.0009949388302595932, 0.0009879961054733107, 0.0009813382661911171, 0.0009749482122355068, 0.0009688100925558902, 0.0009629083298606423, 0.0009572286379975684, 0.0009517587399613264, 0.000946484115007263, 0.0009413942116246547, 0.0009364774460146448, 0.0009317230564684144, 0.0009271207371806862, 0.0009226610791100769, 0.0009183358849374289, 0.0009141357269190139, 0.0009100534219990839, 0.0009060810546133759, 0.0009022120839555133, 0.0008984387619691935, 0.0008947557912829383, 0.0008911576448116837, 0.0008876387392278062, 0.000884192617749958, 0.0008808158316928134, 0.0008775035198018978, 0.0008742514405750839, 0.0008710561164603834, 0.0008679134712952413, 0.0008648196135011173, 0.0008617722265621836, 0.0008587680990960584, 0.0008558046595302949]
Val loss: [0.009359924122691154, 0.008293413557112217, 0.00745701789855957, 0.006811260245740414, 0.006322494242340326, 0.00594691326841712, 0.005648688413202763, 0.005402423441410065, 0.005191275849938393, 0.00500413728877902, 0.004833409562706947, 0.004673975985497236, 0.004523088689893484, 0.004380315076559782, 0.004246747586876154, 0.004123573657125235, 0.00401089945808053, 0.003907524514943361, 0.003811483271420002, 0.0037207624409347773, 0.003633766435086727, 0.0035494770854711533, 0.0034673945046961308, 0.0033873929642140865, 0.0033095686230808496, 0.0032341252081096172, 0.0031612995080649853, 0.003091312712058425, 0.003024348756298423, 0.002960541984066367, 0.0028999755159020424, 0.0028426831122487783, 0.0027886556927114725, 0.002737848786637187, 0.0026901850942522287, 0.0026455672923475504, 0.0026038791984319687, 0.002564996015280485, 0.002528783166781068, 0.0024951021187007427, 0.002463813405483961, 0.002434775698930025, 0.002407850231975317, 0.0023829001002013683, 0.002359790727496147, 0.002338391961529851, 0.0023185808677226305, 0.0023002400994300842, 0.0022832583636045456, 0.0022675315849483013, 0.002252961276099086, 0.002239454537630081, 0.002226928249001503, 0.002215300453826785, 0.002204498276114464, 0.0021944514010101557, 0.0021850967314094305, 0.0021763755939900875, 0.002168231410905719, 0.002160614123567939, 0.0021534764673560858, 0.0021467756014317274, 0.0021404714789241552, 0.002134528709575534, 0.0021289123687893152, 0.0021235926542431116, 0.002118542790412903, 0.0021137380972504616, 0.002109154127538204, 0.002104771789163351, 0.0021005733869969845, 0.002096541691571474, 0.0020926608704030514, 0.002088921144604683, 0.002085306914523244, 0.002081810962408781, 0.0020784223452210426, 0.002075134078040719, 0.002071938244625926, 0.002068828558549285, 0.002065800130367279, 0.002062847139313817, 0.0020599665585905313, 0.002057152334600687, 0.002054403070360422, 0.00205171387642622, 0.002049084287136793, 0.0020465105772018433, 0.0020439906511455774, 0.002041521482169628, 0.002039101906120777, 0.0020367309916764498, 0.002034406643360853, 0.002032126300036907, 0.002029890427365899, 0.0020276959985494614, 0.0020255432464182377, 0.002023428911343217, 0.0020213541574776173, 0.0020193150267004967]
lr: 0.0001
batch_size: 32
num_epochs: 100
kernel_width: 4
hidden_size: 64
win_len: 24
all_feature: ['SGX-CO']
target_gas: CO
