Train loss: [0.009603630453760153, 0.007858806326595049, 0.006602137425981627, 0.005552755676890801, 0.0046782776477830145, 0.003973954230085085, 0.003420155181937631, 0.002984516192238444, 0.0026358856079743242, 0.002349777709023498, 0.002109614349898966, 0.0019057622044610144, 0.001732885159594923, 0.0015874567257126032, 0.0014662484962837954, 0.001365761986483166, 0.0012822958965809112, 0.0012123099449242447, 0.0011527767202711738, 0.0011013480808235688, 0.0010563280661842471, 0.001016534869849131, 0.0009811423327670812, 0.0009495491797957738, 0.0009212886568143145, 0.0008959765341721055, 0.0008732796028935122, 0.0008529036953515125, 0.000834583350155303, 0.0008180810758809866, 0.0008031829647956757, 0.0007896970447810958, 0.0007774511630887033, 0.0007662921237617805, 0.000756082106237999, 0.0007466992423777513, 0.000738034917465037, 0.0007299950513181009, 0.0007224976154684216, 0.00071547304800041, 0.0007088642848405675, 0.0007026255504577556, 0.0006967212514094228, 0.0006911252633994011, 0.0006858192254512433, 0.0006807904055877941, 0.0006760301408624901, 0.0006715302541831669, 0.0006672820067774489, 0.0006632742062574242, 0.0006594918572386711, 0.0006559164540217951, 0.0006525265248747146, 0.0006492987912223047, 0.0006462089945814259, 0.0006432344545385957, 0.0006403533388418443, 0.0006375471524304301, 0.0006347998542487795, 0.000632098272289472, 0.0006294316956483378, 0.0006267921971653212, 0.0006241739119357799, 0.0006215718188882796, 0.0006189839721996689, 0.0006164082511697057, 0.0006138443986072646, 0.0006112930645543607, 0.0006087549423191228, 0.0006062322656120682, 0.0006037273272661638, 0.0006012432342931862, 0.0005987833096966694, 0.0005963518347889857, 0.0005939523998105289, 0.0005915899594427966, 0.000589269107076604, 0.0005869949180100219, 0.000584772342062616, 0.0005826063143156905, 0.0005805017149293518, 0.0005784626725140354, 0.0005764932668406291, 0.0005745969045819439, 0.0005727762835004342, 0.000571033441507972, 0.000569369530492832, 0.000567785312626397, 0.0005662812031041158, 0.0005648565773286492, 0.0005635112432452087, 0.0005622441676000515, 0.0005610548251012245, 0.0005599418986733456, 0.0005589048492348708, 0.000557942647665546, 0.0005570546345721835, 0.0005562398152746265, 0.0005554971332767246, 0.0005548257297444308]
Val loss: [0.006291355472058058, 0.005427558906376362, 0.004891407676041126, 0.004589411895722151, 0.004441231954842806, 0.004301781766116619, 0.004086309112608433, 0.0038247397169470787, 0.003570025321096182, 0.0033419704996049404, 0.0031417482532560825, 0.0029680361039936543, 0.002819947199895978, 0.0026961981784552336, 0.002594685647636652, 0.002512715756893158, 0.0024474146775901318, 0.0023960541002452374, 0.0023562165442854166, 0.002325840061530471, 0.002303194720298052, 0.00228682067245245, 0.0022754757665097713, 0.0022680964320898056, 0.002263774862512946, 0.0022617492359131575, 0.002261386951431632, 0.002262180671095848, 0.002263718983158469, 0.0022656756918877363, 0.002267792820930481, 0.0022698617540299892, 0.0022717153187841177, 0.0022732196375727654, 0.0022742669098079205, 0.0022747765760868788, 0.002274684840813279, 0.002273955149576068, 0.002272563986480236, 0.002270512515679002, 0.002267812378704548, 0.002264498034492135, 0.0022606158163398504, 0.0022562204394489527, 0.0022513791918754578, 0.0022461581975221634, 0.002240624977275729, 0.002234838902950287, 0.0022288504987955093, 0.0022226967848837376, 0.0022164040710777044, 0.0022099853958934546, 0.0022034491412341595, 0.002196796704083681, 0.0021900255233049393, 0.002183136297389865, 0.00217612786218524, 0.00216900696977973, 0.00216177711263299, 0.002154449699446559, 0.0021470359060913324, 0.0021395476069301367, 0.0021320004016160965, 0.0021244073286652565, 0.002116784453392029, 0.002109144115820527, 0.0021014998201280832, 0.0020938643720000982, 0.0020862496457993984, 0.0020786672830581665, 0.002071127761155367, 0.0020636399276554585, 0.00205621519125998, 0.002048865193501115, 0.002041596919298172, 0.0020344241056591272, 0.002027359092608094, 0.002020412590354681, 0.002013599732890725, 0.0020069354213774204, 0.0020004366524517536, 0.001994118792936206, 0.0019880025647580624, 0.0019821058958768845, 0.001976449741050601, 0.001971056219190359, 0.001965947914868593, 0.0019611483439803123, 0.0019566835835576057, 0.001952578779309988, 0.001948863035067916, 0.001945565571077168, 0.0019427166553214192, 0.0019403486512601376, 0.0019384953193366528, 0.0019371919333934784, 0.0019364748150110245, 0.0019363827304914594, 0.0019369531655684114, 0.001938225468620658]
lr: 0.0001
batch_size: 16
num_epochs: 100
kernel_width: 4
hidden_size: 128
win_len: 24
all_feature: ['SGX-CO']
target_gas: CO
