Train loss: [0.01616017322081203, 0.008382217711644362, 0.007012149848545901, 0.005958904919476922, 0.005083277045257988, 0.004359447398104806, 0.0037678083436340267, 0.00328466712079218, 0.002886887752923711, 0.002554853919964518, 0.0022738048716256344, 0.002033961800426327, 0.0018292847729143844, 0.001655690289591466, 0.001509704750457592, 0.0013878465701196543, 0.0012865588203131095, 0.0012023940562336717, 0.0011322312325356275, 0.0010734148769004095, 0.0010237843052340982, 0.0009816272710899934, 0.0009455964903941332, 0.0009146249881263592, 0.0008878550295784692, 0.0008645893292562825, 0.000844256867058586, 0.0008263897164104067, 0.0008106048628053605, 0.0007965895885667234, 0.0007840879844586724, 0.0007728889693435048, 0.0007628162752452596, 0.000753720776000135, 0.0007454740446713039, 0.0007379656817901736, 0.0007310976969279843, 0.0007247851343095797, 0.0007189523458798775, 0.0007135344225245423, 0.0007084739949525474, 0.0007037223403701749, 0.0006992371032343542, 0.0006949828066364391, 0.0006909291686506983, 0.0006870509424495941, 0.000683326819709397, 0.000679738878907947, 0.0006762720551368877, 0.0006729126825045883, 0.0006696501970151548, 0.0006664741184097326, 0.0006633755907721815, 0.0006603457946932036, 0.0006573775213166239, 0.000654463122823255, 0.0006515962139207857, 0.0006487702171096516, 0.0006459794759977234, 0.0006432183724107075, 0.0006404824285769057, 0.0006377671902380749, 0.0006350693388291005, 0.0006323855488731313, 0.0006297136899460611, 0.0006270515960994924, 0.000624398448224921, 0.0006217532526755627, 0.0006191159291024839, 0.000616487300713797, 0.0006138679048122906, 0.0006112590189510902, 0.000608662230728901, 0.0006060798554926541, 0.0006035139271393158, 0.0006009672088217862, 0.0005984426200879375, 0.0005959430517883846, 0.0005934712711248137, 0.0005910305655764674, 0.0005886242695647965, 0.0005862553498509304, 0.0005839270891707631, 0.000581642578154579, 0.0005794050763975081, 0.0005772177011264668, 0.0005750833386858888, 0.0005730051882948555, 0.000570985960692267, 0.0005690284990750273, 0.0005671359702549837, 0.0005653108460756834, 0.0005635559541148614, 0.0005618737025366125, 0.0005602665728744666, 0.0005587373800346427, 0.000557288024676839, 0.0005559210521834431, 0.0005546385016860451, 0.000553442408657081]
Val loss: [0.007370890583842993, 0.005878834053874016, 0.005192379932850599, 0.00481276074424386, 0.004593124147504568, 0.004410390742123127, 0.004183843731880188, 0.003913071472197771, 0.003636315930634737, 0.0033802110701799393, 0.0031530321575701237, 0.002955981995910406, 0.0027884936425834894, 0.002648802474141121, 0.002534134779125452, 0.0024412728380411863, 0.0023670464288443327, 0.0023085603024810553, 0.002263225382193923, 0.00222872756421566, 0.0022030069958418608, 0.002184252953156829, 0.002170923165977001, 0.002161741955205798, 0.0021556883584707975, 0.0021519679576158524, 0.002149969572201371, 0.0021492259111255407, 0.002149379812180996, 0.0021501462906599045, 0.0021512999664992094, 0.002152656903490424, 0.002154066925868392, 0.0021554077975451946, 0.0021565768402069807, 0.0021574953570961952, 0.0021581044420599937, 0.0021583589259535074, 0.0021582315675914288, 0.0021577070001512766, 0.0021567807998508215, 0.0021554604172706604, 0.0021537533029913902, 0.002151681575924158, 0.0021492664236575365, 0.0021465285681188107, 0.0021434947848320007, 0.0021401888225227594, 0.0021366365253925323, 0.0021328579168766737, 0.002128874883055687, 0.002124705584719777, 0.0021203658543527126, 0.002115868031978607, 0.0021112258546054363, 0.002106448169797659, 0.0021015421953052282, 0.002096515614539385, 0.002091375645250082, 0.0020861271768808365, 0.0020807762630283833, 0.0020753301214426756, 0.0020697962027043104, 0.0020641805604100227, 0.002058492973446846, 0.0020527418237179518, 0.002046937821432948, 0.0020410921424627304, 0.0020352154970169067, 0.0020293197594583035, 0.002023417502641678, 0.0020175203680992126, 0.0020116418600082397, 0.0020057924557477236, 0.0019999868236482143, 0.0019942333456128836, 0.001988545525819063, 0.001982933608815074, 0.001977407606318593, 0.0019719768315553665, 0.001966650364920497, 0.0019614375196397305, 0.001956345746293664, 0.0019513847073540092, 0.0019465619698166847, 0.0019418855663388968, 0.0019373646937310696, 0.0019330072682350874, 0.0019288233015686274, 0.0019248221069574356, 0.0019210155587643385, 0.0019174156477674842, 0.0019140343647450209, 0.001910887542180717, 0.001907991012558341, 0.001905362238176167, 0.0019030225230380893, 0.0019009937532246113, 0.0018993013072758913, 0.0018979738233610988]
lr: 0.00015
batch_size: 16
num_epochs: 100
kernel_width: 4
hidden_size: 64
win_len: 24
all_feature: ['SGX-CO']
target_gas: CO
