Train loss: [0.020235416280617664, 0.009268862323846385, 0.008050127464962023, 0.007139674534923152, 0.00638555100511716, 0.0057190129141274255, 0.005122958078887858, 0.004597308026485102, 0.004143078995756914, 0.0037566709769916943, 0.003429279410095112, 0.003149535582803887, 0.0029066895660317953, 0.0026923206705621807, 0.002500546191021125, 0.002327499825000894, 0.0021706744487947453, 0.0020283700881950687, 0.0018993323265128273, 0.0017825404868994932, 0.0016770900884093118, 0.00158212977891777, 0.001496831271919961, 0.0014203728950032365, 0.0013519427982807072, 0.0012907492173209307, 0.0012360317281948413, 0.0011870757763802308, 0.001143220127274266, 0.001103864448030659, 0.001068471511281286, 0.0010365648869130957, 0.001007726514842688, 0.0009815927074775536, 0.0009578473464659366, 0.0009362166572147054, 0.0009164632707888707, 0.0008983818587795314, 0.0008817932389101983, 0.0008665422901132673, 0.0008524928614361026, 0.0008395258274626488, 0.0008275353644868327, 0.0008164288730725472, 0.0008061228514368488, 0.0007965428060280127, 0.0007876218118900923, 0.000779299521192429, 0.0007715215887438659, 0.0007642380551813573, 0.0007574047033786664, 0.0007509811950863845, 0.000744931397235228, 0.0007392231866850773, 0.0007338277072433317, 0.0007287197146559276, 0.0007238767813749567, 0.0007192794497367212, 0.000714910279568666, 0.0007107549613853644]
Val loss: [0.008433641865849495, 0.006952299270778894, 0.006100957747548819, 0.00556819187477231, 0.005162941757589579, 0.004826091695576906, 0.004551814869046211, 0.004341983702033758, 0.004188050515949726, 0.004070670809596777, 0.0039690518751740456, 0.0038691353984177113, 0.003764914581552148, 0.0036556010600179434, 0.0035426600370556116, 0.0034281103871762753, 0.003313818946480751, 0.0032013661693781614, 0.0030921101570129395, 0.0029872641898691654, 0.002887895330786705, 0.0027948797214776278, 0.002708849962800741, 0.0026301557663828135, 0.0025588844437152147, 0.002494893968105316, 0.0024378609377890825, 0.002387339249253273, 0.002342801308259368, 0.002303688321262598, 0.0022694342769682407, 0.0022394924890249968, 0.0022133481688797474, 0.002190530300140381, 0.0021706130355596542, 0.0021532184910029173, 0.0021380127873271704, 0.002124703722074628, 0.0021130384411662817, 0.0021027971524745226, 0.0020937900990247726, 0.0020858533680438995, 0.0020788463298231363, 0.0020726469811052084, 0.0020671498496085405, 0.0020622629672288895, 0.002057910431176424, 0.0020540235564112663, 0.0020505443681031466, 0.00204742350615561, 0.002044620690867305, 0.0020420991349965334, 0.0020398313645273447, 0.0020377952605485916, 0.002035971498116851, 0.0020343493670225143, 0.0020329197868704796, 0.0020316794980317354, 0.0020306280348449945, 0.002029769355431199]
lr: 0.0001
batch_size: 16
num_epochs: 60
kernel_width: 4
hidden_size: 64
win_len: 32
all_feature: ['SGX-CO']
target_gas: CO
