Train loss: [0.013118499211852422, 0.009770046335514504, 0.008559680295211647, 0.0074966025106743515, 0.006575716423200291, 0.0057935853485495195, 0.0051487585423826065, 0.0046339953021774126, 0.004231595684426967, 0.003915367231656459, 0.0036576475324162348, 0.0034362340581319288, 0.003236999903104552, 0.0030524649762282163, 0.0028791244756093764, 0.002715415682126316, 0.002560626742440071, 0.0024144113222231583, 0.0022765897517373047, 0.002147065267703846, 0.002025778516542377, 0.001912673670868227, 0.0018076745624321505, 0.0017106637425694706, 0.0016214657200916127, 0.0015398358903883158, 0.0014654559515281972, 0.001397935483506045, 0.0013368211887551257, 0.001281613881549737, 0.0012317886905666127, 0.001186813863539701, 0.0011461694814107093, 0.001109361120150646, 0.0010759299994149874, 0.0010454592941808423, 0.0010175763728444333, 0.000991952743184308, 0.000968301825706074, 0.0009463753142425425, 0.0009259603387270461, 0.0009068735432560091, 0.000888960349800794, 0.0008720873872254613, 0.0008561412845758902, 0.0008410262330018867, 0.0008266591722013981, 0.0008129696475035412, 0.0007998960551607364, 0.0007873867623202064, 0.0007753952896664215, 0.0007638822940618777, 0.0007528126287095712, 0.0007421549040671809, 0.0007318829457330492, 0.0007219711930881394, 0.0007123985219928132, 0.0007031449039919053, 0.0006941920633193935, 0.0006855241325004741, 0.0006771259309624167, 0.0006689833883596519, 0.0006610831294427865, 0.0006534140409040103, 0.0006459637279442134, 0.0006387223629915783, 0.000631679306778237, 0.0006248249841255142, 0.0006181501487630834, 0.000611645948438868, 0.0006053040272899659, 0.0005991160803159714, 0.0005930748652953527, 0.0005871720835024676, 0.0005814012544167322, 0.0005757552060386026, 0.0005702281193552301, 0.0005648129898294412, 0.0005595045512181588, 0.0005542971480584048, 0.0005491858538486461, 0.0005441655445245692, 0.0005392322280076872, 0.0005343818295402742, 0.0005296110440566475, 0.0005249161904482271, 0.000520294680781001, 0.0005157439289664756, 0.0005112611718940004, 0.0005068452846460853, 0.0005024945174864172, 0.0004982078308712032, 0.0004939842957663117, 0.0004898229060133832, 0.0004857237748534477, 0.00048168679716575777, 0.0004777119687056203, 0.00047379960422625573, 0.0004699501589617704, 0.0004661640589686197]
Val loss: [0.0011124946177005768, 0.0009830814087763429, 0.0009616309544071555, 0.0010200075339525938, 0.0011183622991666198, 0.0011988652404397726, 0.0012111787218600512, 0.0011462297989055514, 0.0010370457312092185, 0.0009242178057320416, 0.0008282445487566292, 0.0007512533338740468, 0.0006892886012792587, 0.0006390512571670115, 0.0005990444915369153, 0.0005688991514034569, 0.0005486360751092434, 0.0005382228991948068, 0.0005373643944039941, 0.0005454263300634921, 0.0005614153342321515, 0.0005840107332915068, 0.0006116204313002527, 0.0006424734019674361, 0.0006747419247403741, 0.0007066766847856343, 0.0007367040379904211, 0.0007635148358531296, 0.0007861212943680584, 0.0008038812666200101, 0.0008164892205968499, 0.0008239526650868356, 0.0008265321957878768, 0.0008246786310337484, 0.0008189757354557514, 0.0008100557024590671, 0.000798570632468909, 0.0007851272821426392, 0.0007702806033194065, 0.0007545106927864254, 0.0007382135954685509, 0.0007217117235995829, 0.0007052574655972421, 0.0006890342338010669, 0.0006731805042363703, 0.0006577839376404881, 0.0006429018103517592, 0.0006285596755333245, 0.0006147671956568956, 0.0006015101680532098, 0.0005887734005227685, 0.0005765243549831212, 0.0005647259531542659, 0.0005533467628993094, 0.000542342895641923, 0.0005316722672432661, 0.0005213020485825837, 0.0005111852078698575, 0.000501294038258493, 0.0004915900062769651, 0.0004820423200726509, 0.00047261896543204784, 0.00046330172335729003, 0.0004540603549685329, 0.00044487789273262024, 0.00043573734001256526, 0.0004266246105544269, 0.0004175274516455829, 0.0004084371030330658, 0.00039934818050824106, 0.0003902573080267757, 0.0003811651258729398, 0.0003720718377735466, 0.00036298154736869037, 0.00035389955155551434, 0.00034484005300328135, 0.0003358036919962615, 0.000326810113620013, 0.00031786857289262116, 0.0003089949896093458, 0.00030020298436284065, 0.0002915091463364661, 0.0002829303266480565, 0.0002744836383499205, 0.00026618444826453924, 0.00025804940378293395, 0.00025009410455822945, 0.00024233112344518304, 0.0002347774716326967, 0.00022744391753803939, 0.0002203432231908664, 0.0002134854585165158, 0.00020687837968580425, 0.00020052993204444647, 0.00019444715871941298, 0.00018863326113205403, 0.00018309170263819396, 0.0001778233126970008, 0.0001728283823467791, 0.00016810526722110808]
lr: 0.0001
batch_size: 16
num_epochs: 100
kernel_width: 4
hidden_size: 64
win_len: 24
all_feature: ['SGX-CO', 'SGX-SO2']
target_gas: CO
