Train loss: [0.09472110222077229, 0.07277183328154524, 0.07015092676207864, 0.06757652202301477, 0.06540399468862093, 0.06327748993444725, 0.06178859648619883, 0.06028359828616035, 0.05843331708005194, 0.056720684512832464, 0.055009848937480406, 0.05330889043370648, 0.05153052037989599, 0.05006338132203683, 0.04852789656297695, 0.047043150557568796, 0.045651598830194866, 0.044451593929493924, 0.043475840342115366, 0.04220683661085614, 0.040957113835938586, 0.039997998391382794, 0.038919858378771495, 0.03784106641831483, 0.03686646316531142, 0.03607174972810689, 0.03526405217732198, 0.0344584198569405, 0.03373811941527756, 0.03296566039500152, 0.03204810215523962, 0.0314220063608779, 0.03073160149289306, 0.03005765295592991, 0.02938198202107785, 0.028841264149141028, 0.02829273658743977, 0.027651299351065823, 0.027082971038197623, 0.02663476269626053, 0.02622179808701284, 0.025786376881176198, 0.025338360332173, 0.0248746383119617, 0.02447199992526918, 0.023925581997668248, 0.023782440543880123, 0.02320212451134913, 0.0229314880434578, 0.022648289799690247, 0.022166779178839465, 0.02227669354726577, 0.02186420258332992, 0.021505601069278266, 0.021615339436474635, 0.020764462411756345, 0.021311503013915566, 0.020644214105676618, 0.020660973106615643, 0.020609932123909335, 0.02012927107204347, 0.02018760530906316, 0.02001127554820134, 0.01976738057192966, 0.019714475286430156, 0.01956726012850654, 0.019214495575639624, 0.019227230831010807, 0.019148126306265768, 0.01885731620548745, 0.018634182364630276, 0.01847611898501244, 0.018419125244109588, 0.01827399324206911, 0.018299988432396094, 0.01814819839755459, 0.017894775680536348, 0.0177066306567051, 0.01770382050050081, 0.01741019684005771, 0.01755364874058221, 0.017271953327415962, 0.017254760394082268, 0.01707969275275631, 0.01697543767782358, 0.016795394503505978, 0.016915413031916647, 0.01660752435760385, 0.016538032395599863, 0.016391766697344694, 0.016481598232977488, 0.016310881607278564, 0.016231626986399204, 0.01620451864406202, 0.016136641059754164, 0.01601916015500853, 0.015832586260236932, 0.0158497202678545, 0.015765065907021245, 0.015526791516493058]
Val loss: [0.13440077006816864, 0.13347311317920685, 0.13042014837265015, 0.12558887898921967, 0.12114927917718887, 0.11592847108840942, 0.11229471117258072, 0.10874438285827637, 0.10428930819034576, 0.09956074506044388, 0.09499391913414001, 0.09074432402849197, 0.08683610707521439, 0.08354144543409348, 0.07983063906431198, 0.07640838623046875, 0.07309070974588394, 0.07027429342269897, 0.06763540953397751, 0.06530626118183136, 0.0629630908370018, 0.060814112424850464, 0.05883343145251274, 0.05747535079717636, 0.05621861293911934, 0.0547858327627182, 0.053521379828453064, 0.052527885884046555, 0.05124109983444214, 0.050021786242723465, 0.04894360899925232, 0.04792757332324982, 0.047077201306819916, 0.04624101519584656, 0.0454351082444191, 0.04440407454967499, 0.043581847101449966, 0.042846016585826874, 0.042426545172929764, 0.041374869644641876, 0.04099871218204498, 0.04092761501669884, 0.04139382764697075, 0.040200650691986084, 0.04027698189020157, 0.03780386224389076, 0.03864464536309242, 0.037677980959415436, 0.03701944276690483, 0.037460193037986755, 0.03568921983242035, 0.037303946912288666, 0.03639066591858864, 0.03562787175178528, 0.0369705893099308, 0.03347374126315117, 0.03655847907066345, 0.03506937995553017, 0.0351480096578598, 0.03577154129743576, 0.03339758142828941, 0.03599849343299866, 0.032992374151945114, 0.03336503729224205, 0.033596623688936234, 0.03322606906294823, 0.0315018966794014, 0.03303775191307068, 0.03227723389863968, 0.03157002106308937, 0.030960723757743835, 0.030272342264652252, 0.03101629763841629, 0.030055373907089233, 0.03096625581383705, 0.029435183852910995, 0.028937863186001778, 0.02897598408162594, 0.029278144240379333, 0.02809809520840645, 0.029282143339514732, 0.02764993906021118, 0.02772613987326622, 0.027399390935897827, 0.027788646519184113, 0.027199575677514076, 0.0276996660977602, 0.026987973600625992, 0.02643645741045475, 0.026784079149365425, 0.02695951797068119, 0.02646333910524845, 0.02608867920935154, 0.02630191296339035, 0.026061827316880226, 0.025680607184767723, 0.02558070607483387, 0.025625625625252724, 0.025445858016610146, 0.025148242712020874]
lr: 0.0001
batch_size: 16
num_epochs: 100
kernel_width: 4
hidden_size: 64
win_len: 24
all_feature: ['SGX-CO', 'SGX-SO2']
target_gas: CO
