Train loss: [0.00922158653891241, 0.0032462455668785892, 0.0015910374380407445, 0.001129978456841001, 0.0009632845131322043, 0.0008728133883284963, 0.000825525793800948, 0.0007908899395735295, 0.0007646709328329752, 0.0007415716552944817, 0.000724208470470813, 0.0007110906120311638, 0.0007027316407806851, 0.0006970679832308535, 0.0006931795008094034, 0.0006924765177406653, 0.0006953323980362661, 0.0007134730808655877, 0.0007604651768841999, 0.0008614748914626333, 0.0008608179804012483, 0.0006919762995001905, 0.0007010454361297719, 0.0006887477364394341, 0.0007170539994277407, 0.0007400922930573912, 0.0007725411544801131, 0.0007800689583472968, 0.0007569896443763247, 0.0007113798008364331, 0.0006667974977106251, 0.0006349186842398647, 0.0006148328642660104, 0.0006011561870740833, 0.0005905380204473909, 0.0005813200612283042, 0.0005726219627602899, 0.0005640045530867477, 0.0005553380514853401, 0.0005467295730963558, 0.0005384706655922167, 0.000531037874211914, 0.0005251461041593063, 0.000521665739094214, 0.0005210406464476862, 0.0005221472832972479, 0.0005220845051829967, 0.0005194479926716704, 0.0005174189770680433, 0.0005185988341236967, 0.0005218189455879412, 0.0005257419755436237, 0.0005280737200945971, 0.0005230100112097127, 0.0005044805819271143, 0.00048333473414279157, 0.0004715807849082692, 0.00046250070364602623, 0.00045455385030887486, 0.0004467590180688079, 0.00043875629115390036, 0.0004307714114599884, 0.0004228662821907134, 0.0004152444298036247, 0.00040853990746916267, 0.0004033768919271626, 0.00039992135937506716, 0.00039775457767291563, 0.00039638600213105145, 0.0003957342423121331, 0.00039574744108559107, 0.00039613975563798886, 0.00039622708176597694, 0.00039545162060494266, 0.00039321623338176085, 0.00038961286492438657, 0.0003838464260961626, 0.0003764973991651877, 0.00036643673677341115, 0.0003633973145262773, 0.0003789096530087778, 0.00036522829320026414, 0.0005539835668730033, 0.00045252595381359696, 0.0004924339230353397, 0.00037440383824510596, 0.0003727543584777994, 0.00040082797638901725, 0.0004087664435031619, 0.0004003631539967527, 0.00042910013592214357, 0.0003855852452548583, 0.000378705926364986, 0.0004780564534562457, 0.0004165581861463168, 0.0004460311838186089, 0.0003955585434363355, 0.0003786586466333715, 0.00039364979028112525, 0.0003433969270679731]
Val loss: [0.004717565607279539, 0.0030512649100273848, 0.0023939707316458225, 0.0022290737833827734, 0.0021362975239753723, 0.002137464703992009, 0.002126032020896673, 0.0021301978267729282, 0.002126025501638651, 0.0021312518510967493, 0.0021343505941331387, 0.0021450661588460207, 0.002153343055397272, 0.0021693697199225426, 0.0021835516672581434, 0.0022104335948824883, 0.0022367299534380436, 0.002270457334816456, 0.0022552823647856712, 0.002056665485724807, 0.0018907528137788177, 0.0019422321347519755, 0.0019391655223444104, 0.0019643069244921207, 0.0019658582750707865, 0.001966404262930155, 0.0019362079910933971, 0.0018858310068026185, 0.0018680747598409653, 0.0019052171846851707, 0.0019480285700410604, 0.001969467382878065, 0.001976632745936513, 0.001978666987270117, 0.0019789354410022497, 0.00197803252376616, 0.0019758339039981365, 0.0019722359720617533, 0.0019673320930451155, 0.001961498986929655, 0.0019554372411221266, 0.001950178761035204, 0.0019470463739708066, 0.0019473610445857048, 0.0019517894834280014, 0.001959478249773383, 0.001966151874512434, 0.0019653639756143093, 0.0019601667299866676, 0.0019585564732551575, 0.0019577364437282085, 0.0019498405745252967, 0.0019301652209833264, 0.0019042734056711197, 0.0018860340351238847, 0.0018734951736405492, 0.001867916900664568, 0.0018657440086826682, 0.0018642321228981018, 0.0018628864781931043, 0.0018617779714986682, 0.001861289027146995, 0.0018612860003486276, 0.0018616359448060393, 0.0018625910161063075, 0.001864445861428976, 0.0018672613659873605, 0.0018710928270593286, 0.0018764374544844031, 0.0018841337878257036, 0.0018952611135318875, 0.0019110908033326268, 0.0019318558042868972, 0.0019574661273509264, 0.00198949477635324, 0.002031504875048995, 0.0020893311593681574, 0.0021704474929720163, 0.0022865436039865017, 0.0024239809717983007, 0.0024555008858442307, 0.0020491809118539095, 0.002020413288846612, 0.001909408369101584, 0.0019401974277570844, 0.002185302786529064, 0.0023162146098911762, 0.002475419780239463, 0.002558151027187705, 0.0028607898857444525, 0.0022851675748825073, 0.002339694881811738, 0.002350672846660018, 0.002079458674415946, 0.0020799755584448576, 0.0020840803626924753, 0.0021228797268122435, 0.002224270487204194, 0.001890248036943376, 0.0020993114449083805]
lr: 0.001
batch_size: 16
num_epochs: 100
kernel_width: 4
hidden_size: 64
win_len: 24
all_feature: ['SGX-CO']
target_gas: CO
