Train loss: [0.00920412181123085, 0.007940968443293719, 0.006845017498558576, 0.005908908228264152, 0.005116403906533497, 0.004461497089546932, 0.0039384858150819015, 0.0035330571802885936, 0.003219927590038428, 0.002970385079265857, 0.0027615170404358363, 0.0025791799770483836, 0.0024158797583003918, 0.002267776585465386, 0.0021327429317421474, 0.0020094350082268536, 0.0018968822168103907, 0.0017942967918827236, 0.001700973514496209, 0.0016162321794121086, 0.0015393954408514975, 0.0014697815510048612, 0.0014067098456806242, 0.0013495163680477082, 0.0012975654383737495, 0.0012502627294376162, 0.0012070655503458798, 0.0011674858625231222, 0.0011310958385774357, 0.001097524700587674, 0.00106645367799188, 0.0010376126370994468, 0.001010772129951741, 0.0009857376831781815, 0.0009623434336932443, 0.0009404484779953174, 0.0009199310773026797, 0.0009006863629587192, 0.0008826207108546278, 0.0008656525239294202, 0.0008497086522124417, 0.0008347217345323492, 0.0008206311056655491, 0.000807380177364148, 0.0007949154076263487, 0.0007831872792831027, 0.0007721482116034595, 0.0007617528919223804, 0.0007519579709314268, 0.0007427221637290205, 0.0007340058838711168, 0.0007257712861968636, 0.0007179826250869284, 0.0007106058015753715, 0.0007036090150348923, 0.0006969628507593685, 0.0006906387168611589, 0.0006846124847740482, 0.0006788599388405564, 0.00067335967502296, 0.0006680933348181288, 0.0006630433878607395, 0.0006581948193186423, 0.0006535339759717228, 0.0006490485678043116, 0.0006447286764749329, 0.0006405650853527422, 0.0006365499334219828, 0.0006326763623938067, 0.0006289383068808698, 0.0006253304892982333, 0.0006218485457315007, 0.0006184884904466659, 0.0006152469879889056, 0.0006121204008537478, 0.0006091060755443429, 0.0006062011729125736, 0.0006034032197765913, 0.0006007094646724618, 0.0005981181368065892, 0.0005956263527483111, 0.0005932322686395257, 0.000590933598948635, 0.0005887276808445573, 0.0005866132308449813, 0.0005845871611317506, 0.0005826482800571671, 0.0005807941068330839, 0.0005790219712084674, 0.0005773309155182189, 0.0005757179082036821, 0.0005741815886184318, 0.000572719488019038, 0.0005713293751852416, 0.0005700097653981758, 0.0005687576738889281, 0.0005675711996589892, 0.0005664477630722205, 0.0005653853010600628, 0.000564380818485999]
Val loss: [0.0062848362140357494, 0.005684172734618187, 0.005186877679079771, 0.004781121853739023, 0.004470641724765301, 0.004260430112481117, 0.004136128816753626, 0.004059819504618645, 0.003992353565990925, 0.003912631422281265, 0.0038164518773555756, 0.003707438474521041, 0.003590705106034875, 0.0034705570433288813, 0.003350276267156005, 0.0032324055209755898, 0.0031189583241939545, 0.003011473920196295, 0.002911010757088661, 0.0028181655798107386, 0.0027331265155225992, 0.0026557582896202803, 0.0025857025757431984, 0.002522459253668785, 0.002465462079271674, 0.002414129674434662, 0.002367897890508175, 0.0023262444883584976, 0.0022886991500854492, 0.00225484068505466, 0.002224298659712076, 0.0021967485081404448, 0.0021719022188335657, 0.0021495078690350056, 0.0021293393801897764, 0.0021111955866217613, 0.002094890456646681, 0.002080256585031748, 0.0020671349484473467, 0.0020553774666041136, 0.002044843742623925, 0.0020354012958705425, 0.0020269202068448067, 0.002019282430410385, 0.0020123699214309454, 0.0020060762763023376, 0.0020002995152026415, 0.0019949486013501883, 0.0019899362232536077, 0.0019851892720907927, 0.0019806406926363707, 0.0019762327428907156, 0.001971919322386384, 0.001967661315575242, 0.0019634279888123274, 0.0019591953605413437, 0.0019549482967704535, 0.001950676436536014, 0.001946376753039658, 0.0019420470343902707, 0.0019376934505999088, 0.001933323685079813, 0.0019289477495476604, 0.00192457961384207, 0.0019202334806323051, 0.0019159261137247086, 0.0019116748590022326, 0.0019074969459325075, 0.0019034115830436349, 0.001899437396787107, 0.0018955915002152324, 0.0018918929854407907, 0.0018883590819314122, 0.0018850072519853711, 0.0018818550743162632, 0.0018789182649925351, 0.0018762138206511736, 0.0018737592035904527, 0.0018715686164796352, 0.0018696580082178116, 0.0018680441426113248, 0.001866741687990725, 0.0018657681066542864, 0.0018651396967470646, 0.001864872989244759, 0.0018649856792762876, 0.0018654958112165332, 0.0018664209637790918, 0.001867781043983996, 0.0018695936305448413, 0.0018718785140663385, 0.00187465432099998, 0.0018779379315674305, 0.0018817477393895388, 0.0018860985292121768, 0.0018910052021965384, 0.0018964782357215881, 0.0019025274086743593, 0.001909158774651587, 0.0019163737306371331]
lr: 0.0001
batch_size: 16
num_epochs: 100
kernel_width: 3
hidden_size: 64
win_len: 24
all_feature: ['SGX-CO']
target_gas: CO
