Train loss: [0.04869521746674294, 0.012390784125631986, 0.009834942261539876, 0.009324141213186822, 0.008847014126351605, 0.008429702208729784, 0.008056818601936622, 0.007718360443990916, 0.007406822007856352, 0.007115144555796289, 0.006837478373741798, 0.00656975882737198, 0.006309390048538708, 0.006054991316288814, 0.005806087543353074, 0.00556284345565006, 0.005325858105013063, 0.005096004508236235, 0.004874312150811427, 0.004661866968955164, 0.004459720882299824, 0.004268806387602034, 0.004089850051994235, 0.00392329716042326, 0.0037692523918117856, 0.0036274518013191307, 0.0034972724013629004, 0.003377784789475906, 0.0032678460030099842, 0.0031662096558908504, 0.0030716415928357973, 0.00298300851136446, 0.0028993409122660217, 0.0028198520675717883, 0.0027439363227075137, 0.002671142963083229, 0.0026011468855635946, 0.002533715634636052, 0.0024686841656290192, 0.0024059323108255237, 0.0023453724586835283, 0.0022869348608399714, 0.0022305642537625205, 0.0021762124396106, 0.002123837125063706, 0.002073397865351962, 0.0020248554300026787, 0.0019781714840873435, 0.001933307912768807, 0.0018902250497284257, 0.0018488819330358256, 0.0018092381385208147, 0.0017712497021200632, 0.0017348729481658225, 0.0017000611636210862, 0.0016667674988404143, 0.0016349437326730616, 0.001604540463281108, 0.0015755065183379667, 0.001547790670223161, 0.0015213405724280927, 0.001496103703346845, 0.0014720272979719675, 0.0014490590737623024, 0.0014271466159050345, 0.0014062387336422804, 0.00138628383994328, 0.001367233614453545, 0.0013490389225889556, 0.0013316537126707947, 0.0013150332020693248, 0.0012991339303292898, 0.0012839155258639033, 0.0012693384524577918, 0.0012553657743346912, 0.0012419622004405098, 0.0012290950244394532, 0.0012167325965426992, 0.001204846540142861, 0.0011934097590655679, 0.001182396395285901, 0.0011717828209658302, 0.001161546998237703, 0.001151668143104133, 0.001142126736822034, 0.0011329060546160438, 0.0011239884311725777, 0.0011153583961286354, 0.0011070020181344815, 0.001098904809106805, 0.001091055213164742, 0.0010834407349734007, 0.0010760508209891938, 0.001068874660714576, 0.001061902488814938, 0.0010551258512882123, 0.0010485353628097577, 0.0010421237522330704, 0.0010358826636756326, 0.001029805206000909]
Val loss: [0.021443726494908333, 0.00900715310126543, 0.008478153496980667, 0.007928289473056793, 0.007467773277312517, 0.0070681883953511715, 0.0067239077761769295, 0.006428919266909361, 0.006174114532768726, 0.005951796192675829, 0.005755202379077673, 0.005578957963734865, 0.005418998189270496, 0.00527238380163908, 0.005137077998369932, 0.005011729430407286, 0.004895474296063185, 0.004787763115018606, 0.0046882303431630135, 0.004596564453095198, 0.004512416198849678, 0.004435317125171423, 0.004364627879112959, 0.004299524240195751, 0.004239012021571398, 0.0041819908656179905, 0.004127349238842726, 0.004074061755090952, 0.00402129115536809, 0.003968436736613512, 0.003915156237781048, 0.0038613330107182264, 0.003807029454037547, 0.0037524127401411533, 0.003697706153616309, 0.003643142757937312, 0.00358893652446568, 0.0035352727863937616, 0.003482300555333495, 0.0034301362466067076, 0.003378871828317642, 0.003328575985506177, 0.003279301803559065, 0.003231094218790531, 0.003183988155797124, 0.0031380141153931618, 0.003093201434239745, 0.0030495724640786648, 0.0030071523506194353, 0.0029659594874829054, 0.0029260111041367054, 0.002887322101742029, 0.002849903889000416, 0.002813761355355382, 0.002778898924589157, 0.002745312638580799, 0.0027129969093948603, 0.0026819403283298016, 0.002652127994224429, 0.0026235401164740324, 0.0025961510837078094, 0.0025699352845549583, 0.0025448626838624477, 0.002520899986848235, 0.002498014597222209, 0.0024761692620813847, 0.0024553274270147085, 0.0024354516062885523, 0.0024165043141692877, 0.002398446202278137, 0.002381240716204047, 0.0023648482747375965, 0.0023492344189435244, 0.0023343602661043406, 0.002320192288607359, 0.0023066955618560314, 0.0022938360925763845, 0.0022815840784460306, 0.002269906923174858, 0.0022587766870856285, 0.002248164499178529, 0.0022380435839295387, 0.002228389261290431, 0.0022191775497049093, 0.0022103856317698956, 0.002201991155743599, 0.002193973632529378, 0.002186315366998315, 0.0021789956372231245, 0.0021719986107200384, 0.002165307756513357, 0.0021589070092886686, 0.002152782864868641, 0.0021469201892614365, 0.002141306409612298, 0.002135929185897112, 0.0021307768765836954, 0.002125837840139866, 0.0021211029961705208, 0.002116560470312834]
lr: 0.0001
batch_size: 64
num_epochs: 100
kernel_width: 4
hidden_size: 64
win_len: 24
all_feature: ['SGX-CO']
target_gas: CO
