Train loss: [0.014863342743300827, 0.012965783741347183, 0.01194344780148839, 0.011147038149234106, 0.01044993986039472, 0.009824241693379612, 0.009254250261028843, 0.008729996954327857, 0.008244316700912087, 0.007791876827625657, 0.007368762119392142, 0.006972226476814797, 0.006600489548942041, 0.006252544444914048, 0.005927932340673793, 0.005626500704320225, 0.005348152595643814, 0.0050926167975295575, 0.004859268399142831, 0.00464700544859178, 0.004454223520657014, 0.004278875889598265, 0.004118616117947024, 0.003971001768440625, 0.0038337010476936603, 0.0037046659533926368, 0.0035822201398967284, 0.0034650927877946367, 0.0033523749124765747, 0.0032434510293047458, 0.003137916890276078, 0.0030355131038679525, 0.002936063572962785, 0.0028394415070848353, 0.0027455439620249016, 0.0026542770648760906, 0.0025655499698054155, 0.0024792751801591476, 0.002395369865815844, 0.0023137559246315933, 0.002234365629340858, 0.002157143304212647, 0.0020820453349699283, 0.0020090406019372875, 0.001938111520477036, 0.0018692520730880767, 0.0018024647660751843, 0.001737764323152293, 0.001675172058380479, 0.001614714896626021, 0.0015564252600382418, 0.0015003381608351624, 0.0014464882552381274, 0.0013949097123151348, 0.0013456304105737152, 0.0012986718784444608, 0.0012540474222675407, 0.0012117565785859817, 0.0011717873349918063, 0.001134112825033051, 0.0010986918492584363, 0.0010654684710013267, 0.0010343733716194005, 0.001005326311197683, 0.0009782365078282867, 0.000953005443426323, 0.0009295290909134425, 0.000907701741733186, 0.0008874151683495154, 0.0008685631082343632, 0.0008510419915667212, 0.0008347526955908749, 0.0008196008320038135, 0.0008054982611810314, 0.0007923632274662866, 0.0007801198955768576, 0.0007686984397404822, 0.0007580346970670146, 0.0007480697399115509, 0.0007387502328354931, 0.0007300256795563994, 0.0007218500753567063, 0.0007141798443971037, 0.000706974694990283, 0.000700196717485521, 0.0006938099429926136, 0.0006877803953210189, 0.0006820758909383822, 0.0006766667690117067, 0.0006715242801917464, 0.0006666216293911962, 0.0006619338830657435, 0.0006574388246255867, 0.000653115208618916, 0.0006489433718779118, 0.0006449064217816443, 0.0006409885037343222, 0.000637175989221539, 0.0006334563086261235, 0.00062981872239354]
Val loss: [0.030126769095659256, 0.02945627272129059, 0.028456447646021843, 0.027381744235754013, 0.026246411725878716, 0.025083526968955994, 0.023916039615869522, 0.02275816909968853, 0.021619107574224472, 0.020505696535110474, 0.019423939287662506, 0.018379680812358856, 0.01737879030406475, 0.016426997259259224, 0.015529632568359375, 0.014691236428916454, 0.01391512993723154, 0.013202998787164688, 0.012554558925330639, 0.011967413127422333, 0.011437169276177883, 0.010957863181829453, 0.010522622615098953, 0.010124407708644867, 0.009756656363606453, 0.00941371638327837, 0.0090910280123353, 0.008785104379057884, 0.008493388071656227, 0.008214028552174568, 0.007945707067847252, 0.007687448523938656, 0.007438506931066513, 0.00719827925786376, 0.006966227665543556, 0.006741859018802643, 0.0065247113816440105, 0.006314349826425314, 0.006110366899520159, 0.005912390537559986, 0.005720089189708233, 0.00553317042067647, 0.0053513930179178715, 0.005174559075385332, 0.0050025214441120625, 0.004835184663534164, 0.004672507755458355, 0.004514502361416817, 0.004361234605312347, 0.0042128171771764755, 0.004069413524121046, 0.0039312164299190044, 0.0037984498776495457, 0.0036713401786983013, 0.0035501092206686735, 0.0034349532797932625, 0.003326027886942029, 0.0032234315294772387, 0.003127194242551923, 0.0030372783076018095, 0.002953567774966359, 0.0028758819680660963, 0.002803976647555828, 0.002737554954364896, 0.0026762806810438633, 0.0026197885163128376, 0.002567697549238801, 0.0025196222122758627, 0.002475180197507143, 0.002434003632515669, 0.0023957407101988792, 0.0023600647691637278, 0.002326673362404108, 0.0022952957078814507, 0.002265689428895712, 0.0022376368287950754, 0.002210950246080756, 0.0021854685619473457, 0.002161051845178008, 0.0021375836804509163, 0.00211496464908123, 0.0020931113976985216, 0.002071956405416131, 0.002051440766081214, 0.0020315165165811777, 0.002012142213061452, 0.001993282698094845, 0.0019749081693589687, 0.0019569918513298035, 0.0019395085982978344, 0.0019224362913519144, 0.0019057563040405512, 0.0018894497770816088, 0.0018734991317614913, 0.0018578891176730394, 0.0018426044844090939, 0.0018276320770382881, 0.0018129597883671522, 0.0017985765589401126, 0.0017844709800556302]
lr: 0.0001
batch_size: 16
num_epochs: 100
kernel_width: 4
hidden_size: 64
win_len: 24
all_feature: ['SGX-CO', 'SGX-SO2']
target_gas: CO
