Train loss: [0.01960617683391893, 0.009243502913999047, 0.008012974221714765, 0.0070921665765474595, 0.00633189740108093, 0.005663529834855749, 0.005069185731792768, 0.004547648920787138, 0.004098711821584081, 0.003717592737566235, 0.003394620931331772, 0.003118091473449777, 0.0028773632833625157, 0.0026643319839319193, 0.0024734472218271766, 0.002301103183470865, 0.0021449564476573014, 0.0020034008578552194, 0.0018752239403265786, 0.0017594147672140722, 0.0016550595596511466, 0.0015612871160564528, 0.001477239871190414, 0.001402065131315791, 0.0013349213237309804, 0.0012749871685572168, 0.001221479281598566, 0.0011736652103623943, 0.0011308729803181001, 0.0010924983456291621, 0.0010580049910251298, 0.0010269210801480352, 0.0009988382795117665, 0.0009734015273084585, 0.0009503051117769424, 0.0009292845625315954, 0.0009101125347815985, 0.0008925916179531682, 0.0008765499011830881, 0.0008618378294642631, 0.0008483229211150093, 0.0008358893289283643, 0.0008244332930273867, 0.0008138624862819016, 0.000804093350448051, 0.0007950511062517762, 0.0007866675008602575, 0.0007788800447073097, 0.0007716329367119098, 0.0007648744982511328, 0.0007585577763142745, 0.0007526405646478129, 0.0007470837114165674, 0.0007418525770931426, 0.0007369149002669593, 0.0007322425237071171, 0.00072780916436148, 0.000723592312221425, 0.0007195708825566448, 0.0007157265493292296, 0.0007120434492653794, 0.0007085063492414959, 0.0007051033377140191, 0.0007018232692648449, 0.0006986563940601842, 0.000695594452075479, 0.0006926304479201107, 0.0006897583520425719, 0.000686972837244686, 0.0006842700926108645, 0.0006816460599947175, 0.000679098608746298, 0.0006766247243427824, 0.0006742226697778629, 0.0006718911475872649, 0.0006696290948235582, 0.0006674356303792361, 0.0006653096487134293, 0.0006632509827573362, 0.0006612590585281125, 0.0006593336645086961, 0.0006574742048968014, 0.0006556806435402772, 0.0006539525295826817, 0.000652289610936955, 0.0006506913892969571, 0.0006491574848627591, 0.0006476874644830305, 0.0006462807536016187, 0.0006449367294370209, 0.0006436549718553785, 0.0006424345492643249, 0.0006412745681459134, 0.0006401746683613195, 0.0006391337995421733, 0.0006381511904201055, 0.0006372260456140717, 0.0006363574118808836, 0.0006355441960563876, 0.0006347858647614618]
Val loss: [0.008436879143118858, 0.006962817162275314, 0.006100750528275967, 0.0055567119270563126, 0.005144733004271984, 0.004804581869393587, 0.0045277816243469715, 0.004313365556299686, 0.004150956403464079, 0.004021503962576389, 0.003906338941305876, 0.0037938333116471767, 0.0036795001942664385, 0.003562981728464365, 0.0034454890992492437, 0.0033285017125308514, 0.003213324351236224, 0.003101054346188903, 0.0029926765710115433, 0.002889118855819106, 0.0027912508230656385, 0.00269981287419796, 0.00261534471064806, 0.0025381434243172407, 0.0024682600051164627, 0.00240553030744195, 0.0023496157955378294, 0.002300061983987689, 0.0022563403472304344, 0.002217894187197089, 0.0021841630805283785, 0.002154613845050335, 0.002128747757524252, 0.0021061128936707973, 0.002086301101371646, 0.0020689554512500763, 0.002053761389106512, 0.0020404458045959473, 0.002028771210461855, 0.0020185301546007395, 0.002009544987231493, 0.0020016562193632126, 0.001994726248085499, 0.0019886326044797897, 0.0019832663238048553, 0.0019785312470048666, 0.0019743391312658787, 0.0019706138409674168, 0.0019672848284244537, 0.0019642922561615705, 0.0019615800119936466, 0.0019591001328080893, 0.0019568107090890408, 0.0019546756520867348, 0.0019526624819263816, 0.001950744423083961, 0.0019489000551402569, 0.0019471101695671678, 0.0019453602144494653, 0.0019436395959928632, 0.0019419400487095118, 0.001940255519002676, 0.0019385835621505976, 0.0019369235960766673, 0.0019352770177647471, 0.0019336460391059518, 0.0019320374121889472, 0.0019304548623040318, 0.0019289061892777681, 0.0019273991929367185, 0.0019259423715993762, 0.0019245448056608438, 0.0019232160411775112, 0.00192196574062109, 0.0019208043813705444, 0.0019197415094822645, 0.0019187870202586055, 0.001917951158247888, 0.001917243585921824, 0.001916673849336803, 0.0019162507960572839, 0.0019159845542162657, 0.0019158830400556326, 0.00191595614887774, 0.0019162112148478627, 0.0019166567362844944, 0.0019173019099980593, 0.0019181531388312578, 0.0019192195031791925, 0.001920508686453104, 0.00192202627658844, 0.0019237807719036937, 0.001925779040902853, 0.001928025740198791, 0.0019305275054648519, 0.0019332899246364832, 0.0019363161409273744, 0.0019396099960431457, 0.0019431739347055554, 0.0019470079569146037]
lr: 0.0001
batch_size: 16
num_epochs: 100
kernel_width: 4
hidden_size: 64
win_len: 16
all_feature: ['SGX-CO']
target_gas: CO
