Train loss: [0.04068111182251097, 0.013815885696273584, 0.012553285557181524, 0.011329186224439264, 0.010363564635874957, 0.009595940074712567, 0.008972980820480182, 0.008446691119106564, 0.007982125069350886, 0.00755706584279442, 0.007158950979121515, 0.006781433697393131, 0.00642176358933015, 0.006079137473526968, 0.005753745775967396, 0.005446218626198949, 0.005157276975354676, 0.004887482670505019, 0.004637027708207362, 0.004405606560927083, 0.004192372342329141, 0.003995994677954524, 0.0038148083748880046, 0.0036470052957005756, 0.0034908137865607026, 0.0033446366840852258, 0.0032071201745200264, 0.003077168943437599, 0.002953924478951996, 0.0028367234515191534, 0.0027250569586548404, 0.002618529599920444, 0.002516831319569748, 0.0024197113366808587, 0.0023269609498554433, 0.002238401873367866, 0.002153877995787023, 0.0020732454021499883, 0.001996372877096636, 0.0019231343575747762, 0.0018534086641894113, 0.0017870777848689161, 0.0017240253588482297, 0.0016641345420664937, 0.0016072896317463126, 0.001553375673199282, 0.0015022758641087357, 0.0014538748937895929, 0.0014080568809150414, 0.0013647070507237897, 0.0013237106770872188, 0.0012849566898688939, 0.0012483349964077745, 0.0012137377456921709, 0.0011810621356911207, 0.0011502075542216383, 0.00112107957840054, 0.0010935865797256754, 0.0010676432304503121, 0.0010431681201688548, 0.001020084245587815, 0.0009983201862516751, 0.0009778084705952975, 0.0009584852656867554, 0.0009402902792731421, 0.0009231664852057336, 0.0009070591863310901, 0.000891916256001186, 0.0008776875701870703, 0.0008643238668842516, 0.0008517780538218525, 0.0008400040043562033, 0.0008289566897296694, 0.0008185928122597863, 0.0008088701560999647, 0.0007997475287562909, 0.0007911863392384271, 0.0007831482218093508, 0.0007755973588498916, 0.0007684999421106641, 0.0007618225034265696, 0.0007555353664655304, 0.0007496092815679558, 0.0007440175221180377, 0.0007387341052492166, 0.0007337361017583742, 0.0007290009566246581, 0.000724508266857434, 0.0007202385091939225, 0.0007161750941063394, 0.0007123009623414093, 0.0007086011912458792, 0.0007050617443695224, 0.000701669631209004, 0.0006984133480017531, 0.0006952816656289192, 0.0006922649333980926, 0.0006893539387931132, 0.0006865402802786398, 0.0006838161393603277]
Val loss: [0.024856170639395714, 0.023011229932308197, 0.022026915103197098, 0.02114016003906727, 0.02032964862883091, 0.019540956243872643, 0.018739597871899605, 0.017911119386553764, 0.017056714743375778, 0.01618664711713791, 0.015314655378460884, 0.014454531483352184, 0.013618526980280876, 0.012816840782761574, 0.01205755677074194, 0.011346649378538132, 0.010687955655157566, 0.010083160363137722, 0.009531814604997635, 0.009031545370817184, 0.008578400127589703, 0.008167365565896034, 0.007792960852384567, 0.007449757773429155, 0.007132791448384523, 0.006837807130068541, 0.006561330519616604, 0.006300638895481825, 0.00605365727096796, 0.0058188349939882755, 0.005595026537775993, 0.005381384864449501, 0.005177288316190243, 0.0049822679720819, 0.0047959680669009686, 0.004618105012923479, 0.004448447376489639, 0.004286791197955608, 0.004132951144129038, 0.003986747469753027, 0.0038480013608932495, 0.0037165258545428514, 0.003592125605791807, 0.003474593861028552, 0.0033637124579399824, 0.0032592478673905134, 0.0031609577126801014, 0.003068585880100727, 0.002981869038194418, 0.002900536172091961, 0.002824311377480626, 0.002752917353063822, 0.002686076331883669, 0.002623516134917736, 0.0025649669114500284, 0.0025101688224822283, 0.002458869246765971, 0.002410826040431857, 0.0023658096324652433, 0.0023236023262143135, 0.0022839964367449284, 0.002246800810098648, 0.002211833605542779, 0.002178922761231661, 0.0021479118149727583, 0.002118653617799282, 0.002091007074341178, 0.002064846223220229, 0.0020400488283485174, 0.002016507089138031, 0.0019941162317991257, 0.0019727821927517653, 0.0019524192903190851, 0.0019329505739733577, 0.0019143031677231193, 0.0018964152550324798, 0.0018792279297485948, 0.001862692297436297, 0.0018467617919668555, 0.0018313971813768148, 0.0018165628425776958, 0.001802226877771318, 0.0017883619293570518, 0.0017749392427504063, 0.0017619406571611762, 0.0017493412597104907, 0.001737124752253294, 0.0017252692487090826, 0.001713762991130352, 0.0017025887500494719, 0.0016917322063818574, 0.0016811798559501767, 0.001670918776653707, 0.0016609374433755875, 0.0016512247966602445, 0.001641768147237599, 0.0016325595788657665, 0.0016235890798270702, 0.0016148461727425456, 0.001606322475709021]
lr: 0.0001
batch_size: 16
num_epochs: 100
kernel_width: 4
hidden_size: 64
win_len: 24
all_feature: ['SGX-CO']
target_gas: CO
