Train loss: [0.2177823156777583, 0.03924051205800007, 0.011900987579922025, 0.010284544626300737, 0.009715158343250072, 0.009170032856873171, 0.008670297393041888, 0.008217245987882107, 0.0078062773299998715, 0.007430949119083384, 0.0070847375410564494, 0.0067620066192968205, 0.006458428885128535, 0.006171000198617239, 0.005897847084871713, 0.005637934988438302, 0.005390785071414454, 0.005156234990668779, 0.004934254598834176, 0.004724834247262405, 0.004527911102850254, 0.00434333214775374, 0.004170839234181529, 0.004010065620869714, 0.0038605357181607193, 0.003721672090405232, 0.0035928058136055056, 0.003473186285879541, 0.003361999522488048, 0.003258394085348403, 0.0031615075341136357, 0.0030705013318633504, 0.002984585490525506, 0.0029030474912748174, 0.0028252665059721235, 0.0027507217684289067, 0.0026789918833014332, 0.0026097491245859923, 0.002542746020887563, 0.002477806710599617, 0.002414805061515633, 0.0023536554985485614, 0.002294300772261625, 0.0022366981355991643, 0.0021808154377392446, 0.002126624939987074, 0.002074100430667231, 0.0020232153621397055, 0.0019739453441070935, 0.001926266738024949, 0.0018801544973197392, 0.0018355837451620406, 0.001792531182631152, 0.0017509707934776054, 0.0017108764605541368, 0.0016722223421664988, 0.0016349798326035778, 0.0015991206852934941, 0.0015646128483470074, 0.0015314263841207762, 0.0014995277002215282, 0.0014688829775578185, 0.001439457659007075, 0.0014112148686269855, 0.0013841186985248815, 0.0013581304819072673, 0.0013332127588578826, 0.0013093279638532029, 0.0012864374818022301, 0.001264503054415408, 0.001243486177494448, 0.0012233511016761605, 0.0012040613370251487, 0.0011855799682970712, 0.0011678743188359424, 0.001150910708733712, 0.0011346568825776114, 0.0011190825028261505, 0.0011041584112697711, 0.0010898570212718789, 0.0010761511069952866, 0.001063015561592055, 0.0010504266361671265, 0.0010383613405578983, 0.0010267969174662928, 0.001015713749792507, 0.0010050904529634863, 0.000994908927513744, 0.0009851503615946281, 0.0009757971530807301, 0.0009668318713864483, 0.0009582382435064733, 0.000950000018085493, 0.000942101992827453, 0.0009345281663515016, 0.0009272652626014829, 0.000920298693646602, 0.0009136142548186135, 0.0009071993978604094, 0.0009010412483080371]
Val loss: [0.09578721970319748, 0.013348091393709183, 0.00938495248556137, 0.009094550274312496, 0.008566000498831272, 0.008052497170865536, 0.007582040969282389, 0.007158366497606039, 0.006781808100640774, 0.006450931541621685, 0.0061630443669855595, 0.005914441309869289, 0.0057006096467375755, 0.005516512785106897, 0.005356937181204557, 0.005216855090111494, 0.005091758910566568, 0.004977889824658632, 0.004872360732406378, 0.004773172549903393, 0.004679116886109114, 0.004589625168591738, 0.004504581913352013, 0.00442414078861475, 0.004348560702055693, 0.00427806843072176, 0.004212766885757446, 0.004152575042098761, 0.004097199533134699, 0.004046146292239428, 0.003998760599642992, 0.003954288549721241, 0.003911952953785658, 0.0038710215594619513, 0.003830866189673543, 0.0037909969687461853, 0.0037510700058192015, 0.003710884600877762, 0.0036703511141240597, 0.0036294658202677965, 0.0035882827360183, 0.0035468784626573324, 0.003505344269797206, 0.003463768633082509, 0.00342223746702075, 0.0033808350563049316, 0.0033396438229829073, 0.003298741765320301, 0.003258215030655265, 0.003218139987438917, 0.0031785890460014343, 0.003139639273285866, 0.003101357026025653, 0.003063801908865571, 0.0030270337592810392, 0.002991101471707225, 0.0029560518451035023, 0.002921923529356718, 0.0028887507505714893, 0.0028565654065459967, 0.00282539171166718, 0.0027952520176768303, 0.0027661609929054976, 0.0027381316758692265, 0.002711169421672821, 0.0026852795854210854, 0.00266045774333179, 0.002636701799929142, 0.0026140029076486826, 0.002592349424958229, 0.0025717236567288637, 0.0025521123316138983, 0.0025334928650408983, 0.002515845000743866, 0.0024991468526422977, 0.0024833695497363806, 0.0024684923700988293, 0.0024544864427298307, 0.0024413238279521465, 0.0024289789143949747, 0.002417421666905284, 0.002406622050330043, 0.002396554918959737, 0.0023871881421655416, 0.0023784933146089315, 0.0023704429622739553, 0.0023630058858543634, 0.002356152981519699, 0.0023498544469475746, 0.002344087464734912, 0.0023388180416077375, 0.0023340205661952496, 0.0023296698927879333, 0.0023257366847246885, 0.002322198124602437, 0.0023190267384052277, 0.002316198078915477, 0.0023136904928833246, 0.002311478368937969, 0.00230954447761178]
lr: 0.0001
batch_size: 16
num_epochs: 100
kernel_width: 4
hidden_size: 16
win_len: 24
all_feature: ['SGX-CO']
target_gas: CO
