Train loss: [0.019912404322490418, 0.00914842566899192, 0.007916078764546286, 0.0070044919162689425, 0.006249100441352721, 0.005583957574770453, 0.004995238520416439, 0.004482690730157641, 0.004044651354099835, 0.0036739412410161975, 0.0033590419237459635, 0.0030875995456906766, 0.0028492148330801614, 0.00263641125567819, 0.0024443335231606076, 0.00226997562623946, 0.002111458642762241, 0.001967514974875018, 0.001837180874405843, 0.001719621743446344, 0.0016140340870705447, 0.0015195915936608935, 0.0014354278402195916, 0.0013606386038700251, 0.0012943018356563656, 0.0012355041239213859, 0.0011833651821474339, 0.0011370615794879576, 0.0010958408468757454, 0.0010590314098993779, 0.0010260444888361264, 0.0009963726378869964, 0.0009695829509061407, 0.0009453098782095885, 0.0009232451424706831, 0.0009031296184464554, 0.0008847445558010664, 0.0008679038368431662, 0.0008524489571654527, 0.0008382412549897018, 0.0008251600677152386, 0.0008130979129819067, 0.0008019594847234411, 0.0007916582597590923, 0.0007821158170214896, 0.0007732609669319858, 0.0007650286348842082, 0.0007573598374087337, 0.000750200971195987, 0.000743502788329703, 0.0007372216181057084, 0.0007313173965094785, 0.0007257545298274132, 0.0007205011828057685, 0.0007155289594402507, 0.0007108125922528157, 0.0007063297939942705, 0.0007020618667071457, 0.000697991088547308, 0.0006941031825443301, 0.0006903851771989037, 0.0006868263347730598, 0.0006834174054663962, 0.0006801497886904403, 0.0006770173808400128, 0.0006740140524925664, 0.0006711347005336802, 0.0006683752699086998, 0.0006657318536062618, 0.0006632008551179764, 0.0006607796848636137, 0.000658465631477474, 0.0006562560141545735, 0.000654148527492072, 0.0006521408873983161, 0.0006502314040723839, 0.0006484175186472261, 0.0006466983015282021, 0.0006450709532249754, 0.0006435344931519101, 0.0006420875775692301, 0.0006407285768657161, 0.0006394565806234076, 0.0006382706012602297, 0.0006371696552937162, 0.0006361530726242645, 0.0006352204362099082, 0.0006343713813887993, 0.0006336051344022326, 0.0006329216084130514, 0.0006323204348800265, 0.0006318010501917267, 0.0006313630598709714, 0.0006310060794016116, 0.0006307294089534148, 0.0006305324991449944, 0.0006304141356114014, 0.0006303737919595488, 0.0006304100513343327, 0.0006305218276275566]
Val loss: [0.008418156765401363, 0.006897134706377983, 0.0060426159761846066, 0.005505322478711605, 0.005097885150462389, 0.004771437495946884, 0.004520988557487726, 0.004339244682341814, 0.004204832017421722, 0.004090886563062668, 0.003977726213634014, 0.0038569739554077387, 0.003728054231032729, 0.0035936504136770964, 0.003457030514255166, 0.003321076510474086, 0.003188177477568388, 0.003060342278331518, 0.002939281053841114, 0.0028263952117413282, 0.0027226933743804693, 0.0026287406217306852, 0.002544661285355687, 0.0024702013470232487, 0.002404819941148162, 0.002347793197259307, 0.0022983038797974586, 0.00225550914183259, 0.0022185933776199818, 0.0021867994219064713, 0.0021594453137367964, 0.0021359273232519627, 0.0021157204173505306, 0.00209837150759995, 0.0020834908355027437, 0.0020707426592707634, 0.0020598373375833035, 0.0020505236461758614, 0.002042581560090184, 0.002035818062722683, 0.002030063420534134, 0.002025166293606162, 0.0020209928043186665, 0.002017425373196602, 0.0020143601577728987, 0.0020117044914513826, 0.0020093792118132114, 0.0020073135383427143, 0.002005447866395116, 0.0020037295762449503, 0.0020021148957312107, 0.002000566339120269, 0.0019990531727671623, 0.0019975502509623766, 0.0019960387144237757, 0.001994502265006304, 0.0019929315894842148, 0.001991319004446268, 0.001989661483094096, 0.0019879592582583427, 0.0019862139597535133, 0.0019844321068376303, 0.0019826197531074286, 0.0019807869102805853, 0.0019789431244134903, 0.00197710283100605, 0.00197527720592916, 0.001973482547327876, 0.0019717335235327482, 0.001970047364011407, 0.001968440366908908, 0.001966931391507387, 0.0019655395299196243, 0.0019642836414277554, 0.00196318537928164, 0.0019622663967311382, 0.0019615483470261097, 0.001961055677384138, 0.0019608119037002325, 0.0019608428701758385, 0.00196117558516562, 0.0019618377555161715, 0.0019628568552434444, 0.001964263617992401, 0.0019660864491015673, 0.0019683565478771925, 0.001971103483811021, 0.0019743582233786583, 0.001978149637579918, 0.0019825070630759, 0.0019874568097293377, 0.001993023557588458, 0.001999231055378914, 0.0020060990937054157, 0.00201364210806787, 0.0020218726713210344, 0.0020307982340455055, 0.002040419727563858, 0.002050733892247081, 0.002061735140159726]
lr: 0.0001
batch_size: 16
num_epochs: 100
kernel_width: 4
hidden_size: 64
win_len: 24
all_feature: ['SGX-CO']
target_gas: CO
