Train loss: [0.01066373987150475, 0.008005527505158892, 0.006452736534488336, 0.005292777681660353, 0.004343516604510831, 0.0035768624301484816, 0.0029828407024049632, 0.00252896465806451, 0.0021745161810262092, 0.0018943698875992575, 0.0016756238826746781, 0.0015073123942828618, 0.0013772137207968423, 0.0012741332041718743, 0.0011899954626432645, 0.001119675334096844, 0.0010599458137973254, 0.0010086815511917303, 0.0009644250141858417, 0.0009261423697379636, 0.0008930611248373144, 0.0008645593127039531, 0.0008400915083784406, 0.0008191479899829993, 0.0008012418638001661, 0.0007859105000165871, 0.0007727231455769507, 0.0007612916726961339, 0.0007512751581893781, 0.0007423857779635661, 0.0007343861434238175, 0.0007270877736070919, 0.0007203463161739871, 0.000714055908888869, 0.0007081425083544739, 0.0007025559653844619, 0.0006972647690684756, 0.0006922475338847907, 0.0006874877552341125, 0.0006829706214859483, 0.000678678246761013, 0.0006745908968496203, 0.0006706849671222651, 0.0006669357626908161, 0.0006633189020161241, 0.0006598114028976357, 0.0006563924730709853, 0.0006530455503898984, 0.0006497565952207724, 0.0006465143481589587, 0.000643309431113422, 0.0006401345765798725, 0.0006369825982499805, 0.0006338468352090123, 0.0006307203198508798, 0.000627596277928704, 0.0006244684058035278, 0.0006213304137784502, 0.0006181780061416482, 0.0006150102869084927, 0.0006118292596185205, 0.0006086411033130909, 0.0006054555780752492, 0.0006022853377016047, 0.0005991434627884784, 0.000596043653803123, 0.000592997172013645, 0.0005900141688293318, 0.0005871016292372551, 0.0005842640109854068, 0.0005815043919309117, 0.0005788233537268657, 0.0005762210317789247, 0.0005736958403687824, 0.0005712465305558684, 0.000568870885146682, 0.0005665672805777733, 0.0005643341298264151, 0.0005621701050261079, 0.0005600745297753717, 0.0005580468357533078, 0.0005560871851654903, 0.0005541968094359821, 0.0005523766189149816, 0.0005506284054192824, 0.0005489547012701232, 0.0005473579398729883, 0.0005458410873622076, 0.0005444068322337652, 0.0005430577500241921, 0.0005417949208447371, 0.0005406201754415319, 0.000539533073309976, 0.0005385318895822502, 0.0005376152055567332, 0.0005367804309247523, 0.0005360260518974916, 0.0005353515952581874, 0.0005347596144698598, 0.0005342549050069057]
Val loss: [0.006143702659755945, 0.005411937367171049, 0.005151811987161636, 0.004841471556574106, 0.0043562669306993484, 0.0038520179223269224, 0.0034729409962892532, 0.0031973381992429495, 0.0029838092159479856, 0.0028183797840029, 0.002695463364943862, 0.0026071560569107533, 0.00254384009167552, 0.002497382229194045, 0.002462283940985799, 0.0024351966567337513, 0.002414114074781537, 0.002397743286564946, 0.0023851366713643074, 0.0023755028378218412, 0.002368137240409851, 0.0023624212481081486, 0.0023578342515975237, 0.002353956922888756, 0.002350470284000039, 0.0023471293970942497, 0.0023437400814145803, 0.002340147737413645, 0.002336218487471342, 0.0023318526800721884, 0.002326970687136054, 0.0023215326946228743, 0.0023155345115810633, 0.002309003146365285, 0.002301999134942889, 0.0022946023382246494, 0.0022869035601615906, 0.0022789950016885996, 0.0022709618788212538, 0.0022628759033977985, 0.0022547850385308266, 0.0022467246744781733, 0.0022387097124010324, 0.0022307410836219788, 0.0022228152956813574, 0.0022149221040308475, 0.0022070494014769793, 0.0021991899702697992, 0.0021913351956754923, 0.002183483215048909, 0.0021756307687610388, 0.0021677755285054445, 0.002159916562959552, 0.0021520487498492002, 0.0021441648714244366, 0.002136255381628871, 0.0021283067762851715, 0.0021203067153692245, 0.002112239133566618, 0.0021040996070951223, 0.002095884643495083, 0.0020876009948551655, 0.0020792626310139894, 0.00207089283503592, 0.0020625137258321047, 0.0020541532430797815, 0.002045833272859454, 0.0020375780295580626, 0.002029403578490019, 0.002021322725340724, 0.0020133473444730043, 0.002005483489483595, 0.0019977374467998743, 0.0019901131745427847, 0.0019826162606477737, 0.0019752488005906343, 0.0019680161494761705, 0.00196092645637691, 0.0019539857748895884, 0.0019472064450383186, 0.0019406013889238238, 0.001934188068844378, 0.0019279877888038754, 0.0019220263930037618, 0.001916336128488183, 0.0019109544809907675, 0.0019059287151321769, 0.0019013117998838425, 0.0018971695099025965, 0.0018935768166556954, 0.0018906226614490151, 0.0018884098390117288, 0.0018870544154196978, 0.0018866884056478739, 0.0018874553497880697, 0.0018895110115408897, 0.0018930169753730297, 0.0018981389002874494, 0.001905042794533074, 0.0019138893112540245]
lr: 0.0001
batch_size: 16
num_epochs: 100
kernel_width: 4
hidden_size: 256
win_len: 24
all_feature: ['SGX-CO']
target_gas: CO
