Train loss: [0.021190432581331256, 0.00944969959860097, 0.008232253874764202, 0.007319955833764643, 0.006562245865957423, 0.005889439736259824, 0.005283823790454946, 0.00474574765816544, 0.004277407285353309, 0.0038768383302460554, 0.0035367295978795095, 0.0032464798154970974, 0.002995340276442366, 0.0027744691570303864, 0.0025774605739562017, 0.00239999439868148, 0.0022392375653479757, 0.002093291796005139, 0.0019607938450335993, 0.0018406678416435435, 0.0017319853798873695, 0.0016338912546340514, 0.0015455659473213867, 0.0014662050319606875, 0.0013950153330148944, 0.0013312203491870336, 0.0012740709859693558, 0.0012228585367842497, 0.0011769235938902905, 0.0011356641522206863, 0.0010985384001596403, 0.0010650644581975844, 0.0010348173592093094, 0.0010074237877024611, 0.0009825583085993858, 0.0009599362943472432, 0.0009393085613491566, 0.000920456674638736, 0.0009031888347699643, 0.0008873356521422103, 0.0008727482492154124, 0.0008592956080723052, 0.0008468609737191811, 0.0008353422468661911, 0.000824649435451645, 0.0008147025514306351, 0.0008054313807888678, 0.0007967746270783312, 0.0007886779487298977, 0.000781093533214679, 0.0007739797295864862, 0.0007673002284406479, 0.0007610227380192664, 0.0007551190531376918, 0.0007495643024394428, 0.0007443368662880229, 0.0007394170275841051, 0.0007347873258679168, 0.0007304325221448857, 0.0007263388566165514, 0.0007224931656793693, 0.0007188851083850841, 0.0007155036875790516, 0.0007123406947669779, 0.000709388032666584, 0.0007066386119455334, 0.0007040860413471559, 0.0007017244260102683, 0.0006995482148735255, 0.0006975517942971428, 0.0006957293790362717, 0.0006940749901442881, 0.0006925822678271845, 0.0006912441818968807, 0.0006900531034381046, 0.0006890016268268316, 0.0006880808188174813, 0.0006872822960152672, 0.0006865969988036261, 0.0006860164282743567, 0.000685531961541796, 0.0006851354312524643, 0.000684819639428975, 0.000684577511516383, 0.0006844034700552324, 0.000684292245587152, 0.000684240270655489, 0.0006842441680364941, 0.0006843020949963396, 0.0006844126466074482, 0.0006845751802960946, 0.0006847896038943678, 0.0006850561735090379, 0.0006853756791755503, 0.0006857481073306183, 0.0006861737309050379, 0.0006866523886656697, 0.0006871839528886715, 0.0006877656354340231, 0.0006883955784436177]
Val loss: [0.00902374554425478, 0.007448477204889059, 0.0065314555540680885, 0.005959165282547474, 0.005528555251657963, 0.005172640550881624, 0.004882358480244875, 0.004659361205995083, 0.0044962018728256226, 0.004373897798359394, 0.004270283505320549, 0.00416920892894268, 0.004063224419951439, 0.003950994461774826, 0.003833929542452097, 0.003714116755872965, 0.0035934962797909975, 0.003473697928711772, 0.003356130560860038, 0.0032420880161225796, 0.0031327828764915466, 0.0030292882584035397, 0.002932461677119136, 0.002842879155650735, 0.002760825678706169, 0.0026863189414143562, 0.002619158010929823, 0.0025589808356016874, 0.0025053229182958603, 0.0024576582945883274, 0.0024154388811439276, 0.002378123113885522, 0.002345188520848751, 0.0023161505814641714, 0.0022905676160007715, 0.002268037060275674, 0.00224820408038795, 0.002230755053460598, 0.0022154178004711866, 0.002201953437179327, 0.0021901594009250402, 0.0021798592060804367, 0.0021709026768803596, 0.002163161290809512, 0.0021565239876508713, 0.0021508964709937572, 0.0021461958531290293, 0.0021423539146780968, 0.002139307791367173, 0.002137006726115942, 0.0021354074124246836, 0.0021344723645597696, 0.002134170848876238, 0.002134480280801654, 0.0021353831980377436, 0.0021368679590523243, 0.002138929208740592, 0.002141568809747696, 0.002144791651517153, 0.0021486084442585707, 0.0021530345547944307, 0.002158086746931076, 0.002163785742595792, 0.0021701527293771505, 0.00217720796354115, 0.0021849717013537884, 0.002193460939452052, 0.002202690811827779, 0.0022126706317067146, 0.0022234071511775255, 0.0022348985075950623, 0.0022471381817013025, 0.00226011173799634, 0.0022737986873835325, 0.0022881708573549986, 0.002303191227838397, 0.0023188183549791574, 0.002335003111511469, 0.002351695904508233, 0.0023688413202762604, 0.0023863825481384993, 0.0024042672012001276, 0.002422439632937312, 0.0024408563040196896, 0.0024594743736088276, 0.00247826031409204, 0.0024971868842840195, 0.002516237087547779, 0.0025353978853672743, 0.0025546662509441376, 0.0025740433484315872, 0.0025935324374586344, 0.002613143064081669, 0.002632878953590989, 0.0026527480222284794, 0.002672748640179634, 0.0026928808074444532, 0.002713128924369812, 0.002733472967520356, 0.0027538761496543884]
lr: 0.0001
batch_size: 16
num_epochs: 100
kernel_width: 4
hidden_size: 64
win_len: 64
all_feature: ['SGX-CO']
target_gas: CO
