Train loss: [0.02003762556691847, 0.01291770316969008, 0.01190939787113984, 0.0110460940087159, 0.010255544146622074, 0.00954314130330844, 0.00890197281356482, 0.008324335949197853, 0.007802675122163705, 0.007330303664523116, 0.006901650621759644, 0.006512209452887083, 0.006158316191616496, 0.005836838925775339, 0.005544895754807447, 0.005279654512710914, 0.005038248442840823, 0.004817794467812988, 0.004615477980086965, 0.004428660892743684, 0.004254980723665663, 0.004092406376248457, 0.003939256156634914, 0.003794177964924884, 0.003656107898713393, 0.0035242175454681616, 0.003397861437475276, 0.003276533789976814, 0.0031598333963716524, 0.0030474348969140347, 0.002939072331501799, 0.0028345214455118457, 0.0027335956966857144, 0.0026361338967821127, 0.0025419979874243045, 0.0024510692099671393, 0.002363245140970547, 0.0022784355344504293, 0.002196563264773883, 0.002117560284774332, 0.002041367030586805, 0.0019679325246996075, 0.0018972098488448815, 0.0018291584318007768, 0.0017637413210020616, 0.0017009236141708652, 0.0016406729249779642, 0.001582957236041155, 0.0015277422592594955, 0.0014749940534359253, 0.0014246766601507305, 0.0013767490364589106, 0.0013311681370719297, 0.0012878863559760286, 0.0012468513547712883, 0.0012080065382523296, 0.0011712905055341813, 0.0011366377722405823, 0.001103978769677366, 0.0010732400064362136, 0.0010443447436035208, 0.0010172136189945085, 0.0009917641171535267, 0.0009679132905794231, 0.0009455762313094717, 0.0009246679659403816, 0.0009051029078563201, 0.0008867966417586927, 0.0008696662251060531, 0.0008536296010089035, 0.000838608187953969, 0.0008245255056212067, 0.0008113082371563954, 0.0007988869951012924, 0.0007871958753645155, 0.0007761728309216143, 0.0007657598314211654, 0.000755902914848377, 0.0007465522367777248, 0.0007376614596402636, 0.0007291881478468738, 0.0007210938873033993, 0.0007133427767645149, 0.0007059026402063094, 0.0006987439997538307, 0.0006918405185415018, 0.0006851682234169727, 0.0006787056527679135, 0.0006724332231262247, 0.0006663339849032417, 0.0006603923887317482, 0.0006545945971697216, 0.0006489283086996547, 0.0006433832924813033, 0.0006379493309003053, 0.0006326183412202011, 0.000627383293471018, 0.0006222369545414912, 0.0006171745220584983, 0.0006121908861471439]
Val loss: [0.04558751732110977, 0.044143252074718475, 0.04133594408631325, 0.038750164210796356, 0.036269038915634155, 0.033903878182172775, 0.03165794163942337, 0.029534954577684402, 0.027538402006030083, 0.025670848786830902, 0.02393357828259468, 0.02232639491558075, 0.020847629755735397, 0.019494088366627693, 0.018261007964611053, 0.017142077907919884, 0.016129514202475548, 0.015214351937174797, 0.01438679825514555, 0.013636781834065914, 0.012954448349773884, 0.012330571189522743, 0.011756863445043564, 0.011226105503737926, 0.010732166469097137, 0.010269943624734879, 0.009835237637162209, 0.009424624033272266, 0.009035325609147549, 0.008665097877383232, 0.008312124758958817, 0.007974930107593536, 0.007652326952666044, 0.007343354169279337, 0.0070472219958901405, 0.006763305980712175, 0.006491093896329403, 0.006230179686099291, 0.0059802415780723095, 0.005741025786846876, 0.005512338597327471, 0.005294029135257006, 0.005085987504571676, 0.004888130351901054, 0.004700393881648779, 0.004522722214460373, 0.004355066921561956, 0.00419736560434103, 0.004049548879265785, 0.003911519423127174, 0.00378315057605505, 0.0036642805207520723, 0.003554700408130884, 0.0034541527274996042, 0.003362328978255391, 0.0032788636162877083, 0.003203340107575059, 0.003135290229693055, 0.003074204083532095, 0.003019534982740879, 0.0029707164503633976, 0.0029271666426211596, 0.002888311166316271, 0.002853586571291089, 0.0028224634006619453, 0.0027944413013756275, 0.002769061364233494, 0.002745911246165633, 0.0027246223762631416, 0.0027048762422055006, 0.0026863880921155214, 0.002668916480615735, 0.0026522469706833363, 0.002636201214045286, 0.002620621817186475, 0.0026053739711642265, 0.002590346382930875, 0.0025754349771887064, 0.0025605575647205114, 0.0025456417351961136, 0.0025306285824626684, 0.0025154645554721355, 0.0025001124013215303, 0.0024845388252288103, 0.0024687168188393116, 0.002452632412314415, 0.002436271868646145, 0.002419631462544203, 0.002402710262686014, 0.0023855112958699465, 0.002368045272305608, 0.0023503187112510204, 0.002332352101802826, 0.002314156387001276, 0.002295753452926874, 0.0022771586664021015, 0.0022583988029509783, 0.002239491092041135, 0.002220459980890155, 0.002201326424255967]
lr: 0.0001
batch_size: 16
num_epochs: 100
kernel_width: 4
hidden_size: 64
win_len: 24
all_feature: ['SGX-CO', 'SGX-SO2']
target_gas: CO
