Train loss: [0.06374704504506828, 0.019413942098617555, 0.013965430752148289, 0.013206804808251251, 0.012412559814178027, 0.011694788815971663, 0.011058997506132493, 0.010497063261693751, 0.010002393526791116, 0.009567454095775559, 0.009183373028886388, 0.0088413337719511, 0.00853316744227381, 0.00825168336107886, 0.007990883114422568, 0.00774597316186809, 0.007513290956704574, 0.007290151459578226, 0.007074675431265633, 0.006865606280649908, 0.006662164595441, 0.006463917256636027, 0.006270675674169021, 0.00608242293874893, 0.005899253139305397, 0.005721330944691184, 0.005548859854950707, 0.0053820538428231805, 0.0052211188551413235, 0.005066235557463042, 0.004917542102950564, 0.004775124946994894, 0.004639007136798822, 0.004509146576581974, 0.004385427410918227, 0.004267670415870889, 0.004155632898696428, 0.004049021132378536, 0.003947501559052947, 0.003850717889971634, 0.0037583023265621365, 0.0036698917125368258, 0.003585136825075516, 0.003503713384270668, 0.003425327333561062, 0.0033497176755814865, 0.00327665787851493, 0.0032059534513474218, 0.0031374409486203503, 0.0030709834019901484, 0.003006465866412284, 0.0029437940137890667, 0.002882888986999114, 0.002823682353672015, 0.0027661188290669368, 0.002710147655001406, 0.002655727242136143, 0.0026028179668286847, 0.002551385139241903, 0.0025013949865332016, 0.002452816987222821, 0.0024056208975745375, 0.002359777935312168, 0.002315259900098369, 0.0022720388533580584, 0.002230085797343381, 0.0021893732911030923, 0.0021498734395973074, 0.00211155890933508, 0.0020744005758205107, 0.002038370832778822, 0.0020034415625344365, 0.0019695846771700144, 0.001936771461640942, 0.0019049745108160746, 0.001874165594048754, 0.001844316580988599, 0.0018153993104248357, 0.0017873873234280115, 0.001760253043481584, 0.0017339702398025778, 0.0017085115755935746, 0.0016838519927665327, 0.0016599652732132808, 0.0016368260397713564, 0.0016144096294759647, 0.001592692867274115, 0.0015716522055837883, 0.0015512641045380626, 0.0015315061655534795, 0.0015123569268799392, 0.0014937949466061662, 0.0014757995284300231, 0.0014583515201711797, 0.0014414308713914374, 0.0014250204110374818, 0.0014091005014288708, 0.0013936549044880995, 0.0013786674532267821, 0.001364121624659857]
Val loss: [0.04110949486494064, 0.02475149556994438, 0.02350476384162903, 0.02299322560429573, 0.022447697818279266, 0.021915163844823837, 0.021428605541586876, 0.020970962941646576, 0.020531579852104187, 0.020101819187402725, 0.019673705101013184, 0.01924111321568489, 0.01879989728331566, 0.018347784876823425, 0.01788416877388954, 0.01740971766412258, 0.01692606508731842, 0.0164354108273983, 0.015940289944410324, 0.015443342737853527, 0.01494718249887228, 0.014454316347837448, 0.013967089354991913, 0.013487662188708782, 0.013018017634749413, 0.012559940107166767, 0.01211503241211176, 0.011684691533446312, 0.011270114220678806, 0.01087227649986744, 0.01049191877245903, 0.01012954767793417, 0.009785408154129982, 0.00945949088782072, 0.00915154255926609, 0.008861074224114418, 0.00858739297837019, 0.008329634554684162, 0.008086797781288624, 0.007857806980609894, 0.007641538977622986, 0.007436866872012615, 0.007242710329592228, 0.007058041635900736, 0.006881916895508766, 0.006713489536195993, 0.0065520042553544044, 0.006396807264536619, 0.006247331388294697, 0.006103094667196274, 0.005963689181953669, 0.005828773602843285, 0.005698058754205704, 0.0055713048204779625, 0.005448308307677507, 0.00532890111207962, 0.005212940741330385, 0.005100306123495102, 0.004990894813090563, 0.004884615074843168, 0.0047813905403018, 0.004681151360273361, 0.0045838323421776295, 0.004489377606660128, 0.004397734068334103, 0.0043088458478450775, 0.004222665913403034, 0.004139143042266369, 0.004058230202645063, 0.003979876637458801, 0.003904032288119197, 0.0038306477945297956, 0.003759671002626419, 0.003691049525514245, 0.0036247316747903824, 0.0035606613382697105, 0.003498784499242902, 0.0034390452783554792, 0.003381385700777173, 0.003325749421492219, 0.003272078465670347, 0.003220314159989357, 0.003170399460941553, 0.0031222752295434475, 0.0030758834909647703, 0.003031166736036539, 0.002988066989928484, 0.0029465272091329098, 0.0029064929112792015, 0.002867907052859664, 0.0028307170141488314, 0.0027948685456067324, 0.002760309260338545, 0.0027269895654171705, 0.002694860566407442, 0.0026638719718903303, 0.00263397884555161, 0.0026051353197544813, 0.0025772973895072937, 0.0025504238437861204]
lr: 0.0001
batch_size: 32
num_epochs: 100
kernel_width: 4
hidden_size: 64
win_len: 24
all_feature: ['SGX-CO']
target_gas: CO
