Train loss: [0.020098022042667318, 0.009147543295645376, 0.0078537804966163, 0.006936849294055249, 0.006208680484996037, 0.0055836793949672866, 0.0050365989450408275, 0.004562847487464109, 0.0041594005332434725, 0.003818509847810868, 0.0035280916628222633, 0.003275155596813185, 0.003048916738262806, 0.002841975215718799, 0.0026499641630336676, 0.0024706413965369335, 0.002303038766465849, 0.0021468595158649264, 0.002002116301510002, 0.0018689155921279834, 0.0017473314735166204, 0.001637317698816538, 0.0015386472153168542, 0.0014508784615481433, 0.0013733511499796308, 0.0013052153146560943, 0.0012454906303095584, 0.001193134998506571, 0.0011471191955829145, 0.001106482486303943, 0.0010703742684248078, 0.0010380701578438128, 0.0010089758126510388, 0.0009826147913929578, 0.0009586128013878803, 0.0009366764816642989, 0.0009165759976953805, 0.0008981288880345571, 0.0008811872018659069, 0.0008656270556300105, 0.0008513405519274988, 0.0008382329001196691, 0.0008262159988835171, 0.0008152080417155248, 0.0008051315873846274, 0.0007959125963168062, 0.0007874797612069886, 0.0007797656546565978, 0.0007727059903995037, 0.0007662390706313595, 0.0007603082637626983, 0.0007548596688952821, 0.0007498441001863865, 0.0007452154823448917, 0.0007409324582234872, 0.0007369571837791024, 0.0007332553139070292, 0.0007297972607535913, 0.0007265548560740974, 0.0007235039206613242, 0.0007206238297685968, 0.0007178950220803787, 0.0007153017144584964, 0.0007128288358183536, 0.000710464528799535, 0.0007081972426053291, 0.0007060177759439261, 0.0007039180086955703, 0.0007018905587592662, 0.0006999291179888595, 0.0006980284885140812, 0.000696183887236207, 0.0006943913917007535, 0.0006926472418237426, 0.0006909482329612546, 0.0006892916627202479, 0.0006876752881588083, 0.0006860965533597468, 0.0006845536930767192, 0.000683044735281841, 0.000681568083527628, 0.0006801224256744296, 0.0006787062613308299, 0.0006773182168933793, 0.0006759571861983261, 0.000674622188157895, 0.0006733118186381484, 0.0006720254374890897, 0.0006707617011342322, 0.0006695202091021835, 0.0006682999625642523, 0.0006671005507099691, 0.0006659206310706052, 0.0006647600952201258, 0.0006636182958584584, 0.0006624942562785085, 0.0006613878046770418, 0.0006602982789503073, 0.0006592252776534281, 0.0006581682779916455]
Val loss: [0.008524092845618725, 0.006922571919858456, 0.0060218321159482, 0.005489817354828119, 0.005107113625854254, 0.004798879846930504, 0.004553922452032566, 0.004370397888123989, 0.004236273933202028, 0.004130566958338022, 0.004033309407532215, 0.003932448569685221, 0.0038237019907683134, 0.003707293188199401, 0.0035851786378771067, 0.0034596226178109646, 0.003332715481519699, 0.003206360386684537, 0.003082395065575838, 0.0029626667965203524, 0.0028489967808127403, 0.0027430164627730846, 0.0026459824293851852, 0.002558624604716897, 0.0024811187759041786, 0.0024131503887474537, 0.0023540505208075047, 0.0023029488511383533, 0.0022588984575122595, 0.002220973838120699, 0.0021883256267756224, 0.002160207135602832, 0.002135982969775796, 0.0021151213441044092, 0.0020971770863980055, 0.0020817802287638187, 0.00206861924380064, 0.0020574273075908422, 0.0020479713566601276, 0.002040047198534012, 0.002033468335866928, 0.0020280638709664345, 0.002023678971454501, 0.0020201667211949825, 0.0020173927769064903, 0.0020152325741946697, 0.002013572258874774, 0.0020123065914958715, 0.0020113419741392136, 0.0020105938892811537, 0.0020099885296076536, 0.002009460236877203, 0.002008953830227256, 0.002008420880883932, 0.0020078220404684544, 0.0020071235485374928, 0.00200629816390574, 0.002005326095968485, 0.0020041901152580976, 0.0020028792787343264, 0.002001386135816574, 0.001999704400077462, 0.0019978336058557034, 0.0019957737531512976, 0.001993529498577118, 0.001991104334592819, 0.001988505246117711, 0.0019857389852404594, 0.0019828160293400288, 0.0019797440618276596, 0.0019765354227274656, 0.0019731998909264803, 0.00196974934078753, 0.0019661958795040846, 0.001962552312761545, 0.0019588309805840254, 0.001955043990164995, 0.0019512048456817865, 0.001947326003573835, 0.0019434206187725067, 0.0019395004492253065, 0.0019355788826942444, 0.0019316670950502157, 0.0019277780083939433, 0.0019239227985963225, 0.0019201124086976051, 0.0019163573160767555, 0.0019126691622659564, 0.0019090562127530575, 0.0019055280135944486, 0.0019020941108465195, 0.0018987616058439016, 0.0018955389969050884, 0.0018924332689493895, 0.0018894511740654707, 0.001886598882265389, 0.0018838824471458793, 0.0018813068745657802, 0.0018788774032145739, 0.0018765985732898116]
lr: 0.0001
batch_size: 16
num_epochs: 100
kernel_width: 4
hidden_size: 64
win_len: 8
all_feature: ['SGX-CO']
target_gas: CO
