Train loss: [0.056341149628499135, 0.036139026578873565, 0.027278097830502328, 0.024730402134400975, 0.02430910551867916, 0.024086501701908597, 0.023734778218434355, 0.02333701915491772, 0.022945699792376345, 0.02257257607360344, 0.022218714199833952, 0.021881518422462845, 0.021557386480482284, 0.021243843907690317, 0.02093989270513004, 0.020645295895930737, 0.02035994054276054, 0.020083582923237215, 0.01981582456810326, 0.019556211507589804, 0.019304281974074532, 0.01905959702523078, 0.01882175770772379, 0.018590374833951564, 0.01836508329389459, 0.018145526680400818, 0.01793136736009754, 0.017722283747825918, 0.01751796624460126, 0.017318126508745098, 0.01712248603797565, 0.0169307818204838, 0.016742764324960063, 0.016558199500044186, 0.01637686194462628, 0.016198539738096086, 0.01602303413516384, 0.01585015475665782, 0.01567972508274903, 0.015511578675043785, 0.015345558460991261, 0.015181514366114207, 0.015019310301559119, 0.014858816324149147, 0.01469990952035128, 0.014542479278509227, 0.014386418428124681, 0.014231626681015316, 0.014078015882500822, 0.013925500898122114, 0.013774000329233833, 0.013623444984356562, 0.013473764861707633, 0.013324899083308582, 0.013176791085782697, 0.01302938701027194, 0.012882641900730673, 0.012736511421994974, 0.012590956416423037, 0.012445940925492406, 0.012301436862197973, 0.012157410509505515, 0.012013843041018577, 0.011870711021083223, 0.011727996896636688, 0.011585687166132496, 0.011443768180696303, 0.01130223078495365, 0.011161072811080237, 0.011020288408055143, 0.0108798778705341, 0.010739845860391686, 0.0106001945980693, 0.010460935417289114, 0.010322075505546258, 0.010183634341689153, 0.010045622849026643, 0.00990806293731692, 0.009770977684417688, 0.00963439002085877, 0.00949832798102818, 0.009362823114135844, 0.009227906790493573, 0.00909361818879001, 0.008959993793718559, 0.008827075162260545, 0.008694907660874943, 0.00856353787147561, 0.008433016753718678, 0.00830339377293479, 0.008174725066302187, 0.008047067886481515, 0.007920478617951358, 0.007795019275219427, 0.0076707543563202946, 0.0075477414664491425, 0.0074260497181597405, 0.007305741715271257, 0.00718688281873862, 0.0070695406520518205]
Val loss: [0.03515371307730675, 0.019725069403648376, 0.014073043130338192, 0.012889855541288853, 0.01275333296507597, 0.012624243274331093, 0.012460923753678799, 0.012310885824263096, 0.012174196541309357, 0.012044684030115604, 0.011920264922082424, 0.011799715459346771, 0.011682091280817986, 0.011567087844014168, 0.011454775929450989, 0.01134523656219244, 0.011238419450819492, 0.011134173721075058, 0.01103231031447649, 0.010932655073702335, 0.010835052467882633, 0.010739367455244064, 0.010645474307239056, 0.010553252883255482, 0.010462583042681217, 0.010373354889452457, 0.010285463184118271, 0.010198806412518024, 0.010113291442394257, 0.010028832592070103, 0.009945346973836422, 0.009862755425274372, 0.009780991822481155, 0.009699980728328228, 0.00961966160684824, 0.00953997764736414, 0.009460869245231152, 0.009382287971675396, 0.009304188191890717, 0.009226521477103233, 0.009149247780442238, 0.009072329849004745, 0.00899573415517807, 0.008919429033994675, 0.008843385614454746, 0.00876757875084877, 0.008691985160112381, 0.008616586215794086, 0.008541361428797245, 0.008466299623250961, 0.008391386829316616, 0.008316612802445889, 0.008241969160735607, 0.008167454041540623, 0.008093061856925488, 0.008018791675567627, 0.007944646291434765, 0.0078706294298172, 0.007796746212989092, 0.007723004091531038, 0.007649412378668785, 0.007575982715934515, 0.007502729073166847, 0.00742966728284955, 0.007356814108788967, 0.007284184452146292, 0.007211802992969751, 0.007139692083001137, 0.007067873142659664, 0.006996373645961285, 0.006925218738615513, 0.006854439154267311, 0.006784063298255205, 0.0067141237668693066, 0.00664465082809329, 0.0065756808035075665, 0.006507248617708683, 0.006439391057938337, 0.006372147239744663, 0.006305554416030645, 0.006239652633666992, 0.006174486130475998, 0.006110095884650946, 0.0060465214774012566, 0.005983810871839523, 0.005922006908804178, 0.005861152894794941, 0.005801295395940542, 0.005742480978369713, 0.0056847515515983105, 0.005628154147416353, 0.00557273393496871, 0.005518533755093813, 0.005465594585984945, 0.005413959734141827, 0.005363669246435165, 0.00531476316973567, 0.005267276428639889, 0.00522124208509922, 0.005176692269742489]
lr: 0.0001
batch_size: 16
num_epochs: 100
kernel_width: 4
hidden_size: 64
win_len: 24
all_feature: ['SGX-CO', 'SGX-SO2']
target_gas: CO
