Train loss: [0.06299099398991559, 0.028238397073195823, 0.014743437704454557, 0.010871209470231012, 0.009970457719181414, 0.009650215389054135, 0.00940449985380613, 0.00917059242209296, 0.008945851770529959, 0.008731308141511858, 0.00852715783986687, 0.008333001600478682, 0.00814812260189845, 0.007971638161472205, 0.007802608078161344, 0.007640095537406966, 0.007483217433448426, 0.007331177807218971, 0.007183272196944885, 0.007038905989753822, 0.006897583622561293, 0.006758910957268494, 0.006622584828048754, 0.006488385186904697, 0.0063561644227318765, 0.006225839912635518, 0.006097382508333213, 0.005970804056540843, 0.005846153878323881, 0.00572350010646093, 0.005602934269415599, 0.005484555359377945, 0.005368471626740933, 0.005254792057116525, 0.005143622403592522, 0.005035066012888323, 0.004929215285294972, 0.0048261546563439514, 0.004725954515834548, 0.004628671875561786, 0.004534348150649096, 0.004443007231987059, 0.0043546562255181295, 0.004269284237397355, 0.004186861379786554, 0.004107337848002002, 0.004030647726848232, 0.00395670805665273, 0.003885418597589289, 0.0038166686575924836, 0.003750332556090321, 0.003686278914936251, 0.003624368625477811, 0.0035644600315456417, 0.0035064109608940824, 0.0034500811741241754, 0.003395335720873701, 0.003342045325315877, 0.0032900890812621484, 0.0032393556280382522, 0.0031897434850258056, 0.0031411613181029576, 0.003093529696512872, 0.0030467768303553406, 0.003000842512173771, 0.0029556759770274403, 0.0029112323773027387, 0.0028674765584184828, 0.002824378865096085, 0.0027819154105784547, 0.002740066780814981, 0.0026988191707645205, 0.0026581604878024587, 0.0026180830189732702, 0.0025785809040733106, 0.0025396495215227227, 0.0025012880326297495, 0.002463494133211269, 0.002426267818388409, 0.0023896094382880417, 0.00235352007981457, 0.002318001157637768, 0.0022830533398921376, 0.0022486785288975486, 0.0022148779421360086, 0.0021816528853158034, 0.0021490043247586422, 0.002116932521009876, 0.0020854391077125708, 0.002054523242244766, 0.002024186083406472, 0.0019944263507646743, 0.0019652440372382304, 0.0019366372801819913, 0.00190860447370148, 0.00188114420055196, 0.0018542539199927499, 0.001827930886404398, 0.0018021719883197682, 0.0017769731649583068]
Val loss: [0.04960818588733673, 0.021092573180794716, 0.011621164157986641, 0.00929484236985445, 0.008706319145858288, 0.008402046747505665, 0.00814005732536316, 0.007893619127571583, 0.007661592680960894, 0.00744448509067297, 0.007242315914481878, 0.007054644171148539, 0.006880732718855143, 0.0067196618765592575, 0.006570423021912575, 0.006431971676647663, 0.006303282920271158, 0.00618337094783783, 0.006071317475289106, 0.005966280587017536, 0.005867506377398968, 0.005774323362857103, 0.00568614574149251, 0.005602467805147171, 0.005522855557501316, 0.00544693972915411, 0.005374409724026918, 0.005305000580847263, 0.005238490644842386, 0.005174692720174789, 0.005113446153700352, 0.005054609850049019, 0.004998065531253815, 0.004943703766912222, 0.004891428165137768, 0.0048411451280117035, 0.00479276804253459, 0.004746209364384413, 0.004701383877545595, 0.004658201243728399, 0.004616569261997938, 0.004576393868774176, 0.004537573549896479, 0.004500005394220352, 0.004463581833988428, 0.004428194835782051, 0.004393731709569693, 0.004360082559287548, 0.0043271379545331, 0.0042947945185005665, 0.00426294794306159, 0.004231505561619997, 0.00420038029551506, 0.004169493447989225, 0.00413877610117197, 0.004108168184757233, 0.00407761987298727, 0.004047087859362364, 0.0040165432728827, 0.003985960967838764, 0.00395532650873065, 0.003924630582332611, 0.0038938734214752913, 0.0038630564231425524, 0.0038321870379149914, 0.003801279468461871, 0.0037703458219766617, 0.0037394047249108553, 0.003708475036546588, 0.00367757654748857, 0.0036467290483415127, 0.003615954890847206, 0.003585274564102292, 0.003554708557203412, 0.0035242782905697823, 0.003494002390652895, 0.0034639020450413227, 0.003433995181694627, 0.0034043004270642996, 0.0033748343121260405, 0.003345612669363618, 0.0033166517969220877, 0.0032879638019949198, 0.0032595638185739517, 0.003231464419513941, 0.0032036753837019205, 0.003176209283992648, 0.003149074036628008, 0.0031222805846482515, 0.003095836378633976, 0.003069749101996422, 0.003044026205316186, 0.0030186742078512907, 0.0029937000945210457, 0.0029691082891076803, 0.0029449050780385733, 0.0029210951179265976, 0.0028976842295378447, 0.00287467404268682, 0.0028520708438009024]
lr: 1.5e-05
batch_size: 16
num_epochs: 100
kernel_width: 4
hidden_size: 64
win_len: 24
all_feature: ['SGX-CO']
target_gas: CO
