Train loss: [0.014863342743300827, 0.012965783741347183, 0.01194344780148839, 0.011147038149234106, 0.01044993986039472, 0.009824241693379612, 0.009254250261028843, 0.008729996954327857, 0.008244316700912087, 0.007791876827625657, 0.007368762119392142, 0.006972226476814797, 0.006600489548942041, 0.006252544444914048, 0.005927932340673793, 0.005626500704320225, 0.005348152595643814, 0.0050926167975295575, 0.004859268399142831, 0.00464700544859178, 0.004454223520657014, 0.004278875889598265, 0.004118616117947024, 0.003971001768440625, 0.0038337010476936603, 0.0037046659533926368, 0.0035822201398967284, 0.0034650927877946367, 0.0033523749124765747, 0.0032434510293047458, 0.003137916890276078, 0.0030355131038679525, 0.002936063572962785, 0.0028394415070848353, 0.0027455439620249016, 0.0026542770648760906, 0.0025655499698054155, 0.0024792751801591476, 0.002395369865815844, 0.0023137559246315933, 0.002234365629340858, 0.002157143304212647, 0.0020820453349699283, 0.0020090406019372875, 0.001938111520477036, 0.0018692520730880767, 0.0018024647660751843, 0.001737764323152293, 0.001675172058380479, 0.001614714896626021, 0.0015564252600382418, 0.0015003381608351624, 0.0014464882552381274, 0.0013949097123151348, 0.0013456304105737152, 0.0012986718784444608, 0.0012540474222675407, 0.0012117565785859817, 0.0011717873349918063, 0.001134112825033051, 0.0010986918492584363, 0.0010654684710013267, 0.0010343733716194005, 0.001005326311197683, 0.0009782365078282867, 0.000953005443426323, 0.0009295290909134425, 0.000907701741733186, 0.0008874151683495154, 0.0008685631082343632, 0.0008510419915667212, 0.0008347526955908749, 0.0008196008320038135, 0.0008054982611810314, 0.0007923632274662866, 0.0007801198955768576, 0.0007686984397404822, 0.0007580346970670146, 0.0007480697399115509, 0.0007387502328354931, 0.0007300256795563994, 0.0007218500753567063, 0.0007141798443971037, 0.000706974694990283, 0.000700196717485521, 0.0006938099429926136, 0.0006877803953210189, 0.0006820758909383822, 0.0006766667690117067, 0.0006715242801917464, 0.0006666216293911962, 0.0006619338830657435, 0.0006574388246255867, 0.000653115208618916, 0.0006489433718779118, 0.0006449064217816443, 0.0006409885037343222, 0.000637175989221539, 0.0006334563086261235, 0.00062981872239354]
Val loss: [0.004241640213876963, 0.005247768945991993, 0.006735222414135933, 0.007448211312294006, 0.007496367674320936, 0.007145039737224579, 0.006610400043427944, 0.006024806294590235, 0.005458673927932978, 0.0049452646635472775, 0.0044976226054131985, 0.004118189215660095, 0.0038035388570278883, 0.0035467862617224455, 0.00333939166739583, 0.0031729761976748705, 0.003041123505681753, 0.0029405467212200165, 0.002871003234758973, 0.0028338644187897444, 0.0028298888355493546, 0.0028571770526468754, 0.0029103378765285015, 0.0029810955747962, 0.0030598698649555445, 0.0031376329716295004, 0.0032072970643639565, 0.00326430588029325, 0.0033065765164792538, 0.003333995584398508, 0.003347773337736726, 0.0033497472759336233, 0.0033419348765164614, 0.0033261815551668406, 0.0033039457630366087, 0.0032761655747890472, 0.003243390703573823, 0.003205767832696438, 0.0031631800811737776, 0.0031153077725321054, 0.0030617977026849985, 0.003002239391207695, 0.002936326200142503, 0.0028638537041842937, 0.0027847974561154842, 0.0026993644423782825, 0.0026080147363245487, 0.00251152110286057, 0.0024109394289553165, 0.0023076077923178673, 0.0022031296975910664, 0.002099274890497327, 0.00199793535284698, 0.0019009574316442013, 0.0018101088935509324, 0.001726901507936418, 0.0016525191022083163, 0.0015877484111115336, 0.001532943220809102, 0.0014880268136039376, 0.0014525369042530656, 0.0014256846625357866, 0.0014064440038055182, 0.0013936340110376477, 0.0013860112521797419, 0.001382343820296228, 0.0013814771082252264, 0.001382379443384707, 0.00138417340349406, 0.0013861461775377393, 0.0013877616729587317, 0.001388653414323926, 0.001388604287058115, 0.0013875312870368361, 0.0013854678254574537, 0.0013825419591739774, 0.0013789437944069505, 0.0013749158242717385, 0.001370717422105372, 0.0013666157610714436, 0.0013628624146804214, 0.0013596867211163044, 0.0013572725001722574, 0.0013557623606175184, 0.0013552489690482616, 0.001355775399133563, 0.0013573389733210206, 0.0013598920777440071, 0.0013633547350764275, 0.0013676169328391552, 0.0013725473545491695, 0.0013780068838968873, 0.0013838426675647497, 0.001389912678860128, 0.0013960817595943809, 0.0014022141695022583, 0.0014082009438425303, 0.0014139363775029778, 0.001419347245246172, 0.0014243676559999585]
lr: 0.0001
batch_size: 16
num_epochs: 100
kernel_width: 4
hidden_size: 64
win_len: 24
all_feature: ['SGX-CO', 'SGX-SO2']
target_gas: CO
