Train loss: [0.010076231948897996, 0.008949006804236893, 0.00821810156487501, 0.007649646637195828, 0.007156152937645841, 0.006700221047036315, 0.006267903798733587, 0.00585527904521418, 0.005462340226156227, 0.0050905395690319195, 0.004741549593254455, 0.004416255498772793, 0.004114068926412859, 0.0038329914763268426, 0.0035704185376301562, 0.0033241694234609734, 0.0030931583538622194, 0.002877432490591658, 0.0026777156931090647, 0.00249483080144307, 0.0023292635882038045, 0.0021809487057035536, 0.002049230955534629, 0.0019329573883354117, 0.0018306276517051758, 0.0017405646207104887, 0.001661064009191913, 0.00159050773036947, 0.0015274354111543087, 0.0014705820528441245, 0.0014188913712484005, 0.0013715099747364796, 0.001327765400128979, 0.0012871396631095667, 0.001249238036421688, 0.001213757576430661, 0.0011804646955221908, 0.0011491719361953546, 0.0011197279718470337, 0.001092002840050766, 0.0010658839264991926, 0.0010412703788643043, 0.0010180713495223895, 0.000996203366688716, 0.000975589109075118, 0.0009561574915751958, 0.0009378415662987749, 0.0009205788591802359, 0.0009043107093317267, 0.0008889812921844445, 0.0008745378143047291, 0.000860929136128979, 0.0008481071305263904, 0.0008360246717547662, 0.000824636461514637, 0.0008138995775513837, 0.000803772101573954, 0.0007942136925901584, 0.0007851861090138034, 0.000776653337582124, 0.0007685800726044104, 0.000760933841727468, 0.0007536842535728019, 0.0007468017166259789, 0.000740260052686065, 0.0007340340848390894, 0.0007281006818417161, 0.0007224387233592765, 0.0007170283137218934, 0.0007118518373872586, 0.0007068925722566139, 0.0007021361039379531, 0.0006975683001329748, 0.0006931772714356617, 0.0006889516801252956, 0.0006848811586991893, 0.0006809571165468422, 0.0006771708055447063, 0.0006735150248494771, 0.0006699826568636146, 0.0006665678387746319, 0.000663264687102596, 0.0006600680506728021, 0.0006569733758369185, 0.0006539757711863269, 0.0006510717080425194, 0.0006482567651812865, 0.0006455271120608173, 0.0006428794517659944, 0.0006403099701534393, 0.0006378150343434447, 0.0006353910463537947, 0.0006330341903470582, 0.0006307407072704606, 0.0006285067713085987, 0.0006263281190891212, 0.0006242004185458277, 0.0006221198918388959, 0.0006200817698025718, 0.0006180822708192948]
Val loss: [0.007102408912032843, 0.0063172378577291965, 0.005870829336345196, 0.005572618916630745, 0.005330410320311785, 0.005107668694108725, 0.004895538557320833, 0.004697628319263458, 0.004522640723735094, 0.0043788389302790165, 0.004268507938832045, 0.004184739664196968, 0.004113047383725643, 0.004037028178572655, 0.003944644704461098, 0.003832130692899227, 0.0037040989845991135, 0.0035702211316674948, 0.0034406885970383883, 0.00332281575538218, 0.003219885053113103, 0.003131832927465439, 0.003056723391637206, 0.0029921047389507294, 0.002935803961008787, 0.002886179368942976, 0.0028420700691640377, 0.00280263414606452, 0.0027672245632857084, 0.0027353118639439344, 0.0027064478490501642, 0.002680246252566576, 0.002656366443261504, 0.002634507603943348, 0.002614391967654228, 0.0025957697071135044, 0.0025784082245081663, 0.0025620979722589254, 0.002546657109633088, 0.0025319280102849007, 0.0025177807547152042, 0.002504113595932722, 0.002490847837179899, 0.0024779250379651785, 0.0024653070140630007, 0.0024529672227799892, 0.002440895652398467, 0.0024290834553539753, 0.0024175310973078012, 0.0024062390439212322, 0.0023952138144522905, 0.002384457504376769, 0.0023739775642752647, 0.002363774925470352, 0.0023538493551313877, 0.002344202483072877, 0.002334833377972245, 0.0023257366847246885, 0.002316908910870552, 0.0023083416745066643, 0.0023000261280685663, 0.0022919552866369486, 0.0022841196041554213, 0.0022765013854950666, 0.002269093645736575, 0.0022618824150413275, 0.002254853490740061, 0.0022479919716715813, 0.002241284353658557, 0.0022347166668623686, 0.0022282754071056843, 0.0022219468373805285, 0.002215716755017638, 0.002209576079621911, 0.002203510608524084, 0.002197511726990342, 0.0021915691904723644, 0.0021856757812201977, 0.0021798238158226013, 0.002174006076529622, 0.0021682181395590305, 0.0021624548826366663, 0.002156711183488369, 0.002150988206267357, 0.0021452773362398148, 0.0021395799703896046, 0.0021338954102247953, 0.0021282208617776632, 0.002122555859386921, 0.0021169038955122232, 0.0021112621761858463, 0.0021056332625448704, 0.002100020879879594, 0.0020944250281900167, 0.002088849898427725, 0.0020832980517297983, 0.0020777748432010412, 0.0020722844637930393, 0.0020668322686105967, 0.002061425941064954]
lr: 0.0001
batch_size: 16
num_epochs: 100
kernel_width: 12
hidden_size: 64
win_len: 24
all_feature: ['SGX-CO']
target_gas: CO
