Train loss: [0.04068111182251097, 0.013815885696273584, 0.012553285557181524, 0.011329186224439264, 0.010363564635874957, 0.009595940074712567, 0.008972980820480182, 0.008446691119106564, 0.007982125069350886, 0.00755706584279442, 0.007158950979121515, 0.006781433697393131, 0.00642176358933015, 0.006079137473526968, 0.005753745775967396, 0.005446218626198949, 0.005157276975354676, 0.004887482670505019, 0.004637027708207362, 0.004405606560927083, 0.004192372342329141, 0.003995994677954524, 0.0038148083748880046, 0.0036470052957005756, 0.0034908137865607026, 0.0033446366840852258, 0.0032071201745200264, 0.003077168943437599, 0.002953924478951996, 0.0028367234515191534, 0.0027250569586548404, 0.002618529599920444, 0.002516831319569748, 0.0024197113366808587, 0.0023269609498554433, 0.002238401873367866, 0.002153877995787023, 0.0020732454021499883, 0.001996372877096636, 0.0019231343575747762, 0.0018534086641894113, 0.0017870777848689161, 0.0017240253588482297, 0.0016641345420664937, 0.0016072896317463126, 0.001553375673199282, 0.0015022758641087357, 0.0014538748937895929, 0.0014080568809150414, 0.0013647070507237897, 0.0013237106770872188, 0.0012849566898688939, 0.0012483349964077745, 0.0012137377456921709, 0.0011810621356911207, 0.0011502075542216383, 0.00112107957840054, 0.0010935865797256754, 0.0010676432304503121, 0.0010431681201688548, 0.001020084245587815, 0.0009983201862516751, 0.0009778084705952975, 0.0009584852656867554, 0.0009402902792731421, 0.0009231664852057336, 0.0009070591863310901, 0.000891916256001186, 0.0008776875701870703, 0.0008643238668842516, 0.0008517780538218525, 0.0008400040043562033, 0.0008289566897296694, 0.0008185928122597863, 0.0008088701560999647, 0.0007997475287562909, 0.0007911863392384271, 0.0007831482218093508, 0.0007755973588498916, 0.0007684999421106641, 0.0007618225034265696, 0.0007555353664655304, 0.0007496092815679558, 0.0007440175221180377, 0.0007387341052492166, 0.0007337361017583742, 0.0007290009566246581, 0.000724508266857434, 0.0007202385091939225, 0.0007161750941063394, 0.0007123009623414093, 0.0007086011912458792, 0.0007050617443695224, 0.000701669631209004, 0.0006984133480017531, 0.0006952816656289192, 0.0006922649333980926, 0.0006893539387931132, 0.0006865402802786398, 0.0006838161393603277]
Val loss: [0.0165021400898695, 0.014949233271181583, 0.014044716954231262, 0.01337038166821003, 0.012843579985201359, 0.012393146753311157, 0.011964214034378529, 0.01152497436851263, 0.011063636280596256, 0.010581930167973042, 0.010088847018778324, 0.009596237912774086, 0.00911628920584917, 0.008660216815769672, 0.008237591944634914, 0.007855850271880627, 0.007519912905991077, 0.007231901399791241, 0.006991046015173197, 0.006793916691094637, 0.006634929217398167, 0.006507110316306353, 0.006402982864528894, 0.006315379403531551, 0.006238058675080538, 0.006166073493659496, 0.006095868535339832, 0.006025147158652544, 0.0059526534751057625, 0.005877907387912273, 0.005800931714475155, 0.00572205800563097, 0.005641778465360403, 0.005560643505305052, 0.00547920074313879, 0.005397955421358347, 0.00531736109405756, 0.00523782055824995, 0.005159673746675253, 0.005083223804831505, 0.005008717533200979, 0.004936381243169308, 0.004866402130573988, 0.004798938054591417, 0.004734135698527098, 0.0046721044927835464, 0.004612949676811695, 0.004556742031127214, 0.004503538832068443, 0.004453390836715698, 0.00440632039681077, 0.004362333565950394, 0.0043214294128119946, 0.004283598158508539, 0.0042487988248467445, 0.0042169964872300625, 0.00418813107535243, 0.004162139259278774, 0.004138935822993517, 0.004118443001061678, 0.004100549500435591, 0.0040851435624063015, 0.004072097130119801, 0.004061275161802769, 0.004052531905472279, 0.004045708104968071, 0.004040644038468599, 0.004037170205265284, 0.004035109654068947, 0.004034309182316065, 0.004034590907394886, 0.004035796970129013, 0.004037776496261358, 0.004040401894599199, 0.004043543245643377, 0.004047088790684938, 0.004050931427627802, 0.004055001772940159, 0.004059216007590294, 0.004063516389578581, 0.0040678526274859905, 0.004072181414812803, 0.004076460376381874, 0.004080657847225666, 0.004084760323166847, 0.004088730551302433, 0.004092560149729252, 0.004096216522157192, 0.004099694080650806, 0.004102980252355337, 0.004106056410819292, 0.004108909983187914, 0.00411152932792902, 0.004113908391445875, 0.004116035532206297, 0.004117898177355528, 0.00411949073895812, 0.00412081740796566, 0.0041218651458621025, 0.004122625105082989]
lr: 0.0001
batch_size: 16
num_epochs: 100
kernel_width: 4
hidden_size: 64
win_len: 24
all_feature: ['SGX-CO']
target_gas: CO
