Train loss: [0.010742204197072386, 0.009519963969045999, 0.00854139587828345, 0.0077107893388668755, 0.0069620918052019426, 0.006278853894482421, 0.005657741927512855, 0.005102374916630469, 0.004617929926936998, 0.004205603755776668, 0.003859659853983687, 0.0035686389420278367, 0.0033192194765876595, 0.003099686377351075, 0.002901407640101654, 0.0027186642444843737, 0.002547859634876903, 0.0023867789572211114, 0.0022340941403950544, 0.0020890727345908465, 0.0019514099456347436, 0.0018211224024256688, 0.001698450707787968, 0.0015837496968775222, 0.001477371174360808, 0.0013795691601679286, 0.0012904504198092582, 0.0012099856648286457, 0.0011380412406553843, 0.001074388647783009, 0.0010186708907283177, 0.000970370732673037, 0.0009288075220205372, 0.0008931818244947486, 0.0008626477345136232, 0.0008363821196057417, 0.0008136383260390028, 0.0007937749352137226, 0.0007762632833763641, 0.0007606801358329164, 0.0007466941839711506, 0.0007340477445062732, 0.0007225409645719198, 0.0007120179707144866, 0.0007023567541032326, 0.0006934582860298814, 0.0006852420229631899, 0.0006776412336770551, 0.000670598135810356, 0.0006640637413785806, 0.0006579932660644268, 0.0006523485835547132, 0.0006470931473002959, 0.0006421941058496433, 0.0006376210762801731, 0.000633343832298479, 0.0006293352263239634, 0.0006255687237835324, 0.0006220174934923207, 0.0006186572766417523, 0.0006154641955597804, 0.0006124151357332659, 0.0006094900186934857, 0.000606669531345247, 0.0006039367351300375, 0.0006012775705723929, 0.0005986795419602393, 0.0005961344664111455, 0.0005936344123100561, 0.0005911757913595284, 0.0005887546936804801, 0.0005863709205843641, 0.0005840236532145174, 0.0005817131472121955, 0.0005794386322209677, 0.0005772006537023514, 0.0005749992216221478, 0.0005728325838448696, 0.0005706988257186495, 0.0005685957357583871, 0.000566520430414879, 0.0005644682230302071, 0.0005624348837492506, 0.0005604157690992301, 0.0005584053446647411, 0.0005563988565371626, 0.0005543895875450434, 0.0005523722649675356, 0.0005503407476195851, 0.0005482892585661706, 0.0005462121779997357, 0.0005441031722660775, 0.0005419572028960411, 0.0005397679001739876, 0.0005375300074904476, 0.000535237333794451, 0.0005328852995788973, 0.0005304684852934681, 0.0005279818910957163, 0.0005254219007101347]
Val loss: [0.006609361618757248, 0.00601502601057291, 0.005517266690731049, 0.005076521076261997, 0.004687306471168995, 0.0043551246635615826, 0.004083141218870878, 0.003867862978950143, 0.0036995098926126957, 0.0035640958230942488, 0.0034462611656636, 0.0033327327109873295, 0.0032148738391697407, 0.003089024918153882, 0.0029551545158028603, 0.002815129468217492, 0.0026714622508734465, 0.0025266639422625303, 0.002382993930950761, 0.0022423947229981422, 0.0021065082401037216, 0.001976741012185812, 0.0018543223850429058, 0.0017403005622327328, 0.0016354440012946725, 0.0015401557320728898, 0.001454550656490028, 0.0013787370407953858, 0.0013130613369867206, 0.0012581006158143282, 0.0012143799103796482, 0.001182028092443943, 0.0011605434119701385, 0.0011487845331430435, 0.0011451182654127479, 0.0011476860381662846, 0.0011546483729034662, 0.0011643653269857168, 0.0011754846200346947, 0.001186974928714335, 0.0011980776907876134, 0.0012082741595804691, 0.00121723348274827, 0.001224760664626956, 0.0012307637371122837, 0.0012352187186479568, 0.0012381566921249032, 0.0012396345846354961, 0.0012397321406751871, 0.0012385515728965402, 0.001236183918081224, 0.0012327386066317558, 0.001228313660249114, 0.001223017810843885, 0.001216946984641254, 0.0012102024629712105, 0.0012028816854581237, 0.001195077202282846, 0.0011868808651342988, 0.0011783888330683112, 0.0011696902802214026, 0.001160874031484127, 0.0011520235566422343, 0.0011432147584855556, 0.0011345210950821638, 0.0011260031023994088, 0.0011177106061950326, 0.0011096933158114552, 0.0011019735829904675, 0.0010945796966552734, 0.0010875215521082282, 0.00108079775236547, 0.0010744065511971712, 0.0010683363070711493, 0.0010625729337334633, 0.0010570900049060583, 0.001051872968673706, 0.0010468898108229041, 0.001042116666212678, 0.0010375300189480186, 0.0010331046069040895, 0.0010288117919117212, 0.0010246244492009282, 0.0010205189464613795, 0.0010164701379835606, 0.0010124557884410024, 0.001008448307402432, 0.0010044281370937824, 0.0010003759525716305, 0.000996262300759554, 0.0009920732118189335, 0.0009877862175926566, 0.0009833878139033914, 0.0009788539027795196, 0.0009741737740114331, 0.0009693312458693981, 0.0009643127559684217, 0.0009591096895746887, 0.0009537096484564245, 0.0009481045417487621]
lr: 0.0001
batch_size: 16
num_epochs: 100
kernel_width: 4
hidden_size: 64
win_len: 24
all_feature: ['SGX-CO', 'SGX-SO2']
target_gas: CO
