Train loss: [0.010783186226018527, 0.009696399301888987, 0.00880344516523963, 0.007973191316149549, 0.007194786139290099, 0.006469107972543657, 0.005802731775614727, 0.005203764437214277, 0.0046786456606031, 0.004229360787461949, 0.0038518781506221163, 0.003536831766716069, 0.003272251341677877, 0.0030465803786188504, 0.0028503885360817373, 0.0026766777338624887, 0.0025205161248749, 0.002378528468919066, 0.002248441845401406, 0.002128725376780274, 0.0020183186944356195, 0.0019164497240249186, 0.0018225106957793556, 0.0017359865322758956, 0.0016564148004146182, 0.0015833558710140194, 0.001516385844445704, 0.0014550851247890292, 0.0013990413189317588, 0.001347847719443962, 0.0013011071678658685, 0.0012584354642944516, 0.001219463469669314, 0.0011838410055504437, 0.0011512401637556713, 0.0011213568291449064, 0.0010939119283065993, 0.001068651505620723, 0.0010453473640173756, 0.0010237969916920492, 0.0010038201356123986, 0.0009852576951999911, 0.0009679710031709307, 0.0009518383568268252, 0.0009367523254591937, 0.0009226193600735379, 0.0009093577209187886, 0.0008968937888563143, 0.0008851628661726529, 0.0008741076799853335, 0.0008636760288305749, 0.0008538214557105404, 0.000844501384736686, 0.0008356778713919513, 0.000827315328095208, 0.0008193822721929026, 0.000811847849186332, 0.0008046854548541151, 0.0007978702508895934, 0.0007913786028479296, 0.0007851893571910163, 0.0007792819810478825, 0.0007736387204382096, 0.0007682418766078063, 0.0007630767310821539, 0.000758128218376918, 0.0007533818561008051, 0.0007488265996381458, 0.0007444495763206839, 0.0007402406510359221, 0.0007361898025794863, 0.0007322870189626512, 0.000728524090228624, 0.0007248936182785697, 0.0007213877094015089, 0.0007180000338700683, 0.0007147242627022582, 0.0007115551218028886, 0.0007084876429888597, 0.0007055174903315303, 0.0007026408957149421, 0.0006998541369997355, 0.000697154264941289, 0.0006945386078486238, 0.0006920048926414312, 0.0006895506776811292, 0.000687174322243511, 0.0006848742340542853, 0.0006826486428958343, 0.0006804961422637183, 0.0006784151764074286, 0.0006764052059066106, 0.0006744644505487337, 0.0006725920044220182, 0.0006707862223638384, 0.0006690463895854737, 0.0006673713596873809, 0.0006657597780709043, 0.0006642105596273383, 0.0006627223896021533]
Val loss: [0.008182183839380741, 0.0074543883092701435, 0.006793825887143612, 0.0062058353796601295, 0.005683199502527714, 0.005226535722613335, 0.004841976333409548, 0.004536287859082222, 0.004310239106416702, 0.004153860732913017, 0.004047344904392958, 0.003968098200857639, 0.0038984648417681456, 0.0038286021444946527, 0.0037547778338193893, 0.0036765506956726313, 0.003594793612137437, 0.0035107156727463007, 0.0034254835918545723, 0.003340106224641204, 0.00325543200597167, 0.003172175260260701, 0.0030909462366253138, 0.003012275556102395, 0.002936615841463208, 0.002864343114197254, 0.0027957612182945013, 0.002731085754930973, 0.002670455491170287, 0.0026139288675040007, 0.0025614977348595858, 0.0025130845606327057, 0.002468565246090293, 0.0024277723859995604, 0.0023905097041279078, 0.002356558572500944, 0.0023256924469023943, 0.0022976775653660297, 0.002272286219522357, 0.002249296987429261, 0.0022284977603703737, 0.002209689235314727, 0.002192686777561903, 0.002177315065637231, 0.0021634174045175314, 0.0021508471108973026, 0.0021394703071564436, 0.0021291663870215416, 0.002119825454428792, 0.0021113487891852856, 0.002103647915646434, 0.002096642507240176, 0.0020902615506201982, 0.0020844419486820698, 0.002079128520563245, 0.002074268413707614, 0.0020698178559541702, 0.002065738197416067, 0.0020619947463274, 0.0020585551392287016, 0.0020553921349346638, 0.0020524817518889904, 0.002049802104011178, 0.002047334797680378, 0.0020450640004128218, 0.0020429741125553846, 0.002041054656729102, 0.0020392928272485733, 0.0020376811735332012, 0.0020362134091556072, 0.002034880453720689, 0.002033680211752653, 0.002032607328146696, 0.0020316599402576685, 0.0020308371167629957, 0.002030136063694954, 0.0020295593421906233, 0.0020291046239435673, 0.0020287747029215097, 0.002028570743277669, 0.002028494840487838, 0.0020285507198423147, 0.0020287390798330307, 0.0020290648099035025, 0.0020295302383601665, 0.002030137926340103, 0.002030891366302967, 0.0020317938178777695, 0.002032848075032234, 0.0020340546034276485, 0.002035419689491391, 0.0020369424019008875, 0.002038623671978712, 0.002040466060861945, 0.002042470732703805, 0.002044639317318797, 0.002046971581876278, 0.0020494689233601093, 0.0020521318074315786, 0.0020549625623971224]
lr: 0.0001
batch_size: 16
num_epochs: 100
kernel_width: 4
hidden_size: 32
win_len: 24
all_feature: ['SGX-CO']
target_gas: CO
